189	169	3	11.01
710	333	3	27.76
12	1101	3	7.11
568	110	5	24.27
457	6463	3	48.59
579	377	3	27.36
1241	272	5	54.9
2707	134	3	26.81
1370	134	3	21.39
1384	109	8	61.3
2343	119	5	45.69
280	116	4	13.83
161	7	6	8.82
141	259	3	11.6
387	223	5	39.4
121	782	3	15.75
123	1488	3	20.62
4092	473	3	44.24
561	378	8	90.3
208	585	3	22.2
434	104	16	89.27
807	104	5	21.53
185	172	3	11.09
395	118	7	38.74
2283	101	4	17.12
2900	101	4	19.82
286	169	5	30.27
151	126	7	22.4
847	127	4	26.56
8	1013	5	26.82
160	131	7	24.13
102	484	4	10.03
715	12	5	12.87
114	2233	4	31.87
643	129	4	24.13
156	138	3	6.25
3845	108	3	23.1
240	560	3	23.2
216	181	3	13.41
1689	101	4	14.37
297	112	6	25.28
12	334	6	9.64
577	327	3	26.54
3331	109	4	33.34
12	1555	5	20.77
493	656	4	41.97
539	215	8	75.64
473	242	5	42.59
566	115	3	13.24
1577	684	4	52.3
216	372	6	48.79
1318	8	3	14.61
399	619	7	78.79
974	223	6	61.34
357	141	7	45.89
3020	164	3	31.09
105	133	8	6.15
184	3345	3	32.69
108	1364	5	30.73
12	438	20	92.66
124	260	20	145.12
105	285	4	8.29
2383	256	3	33.67
186	102	5	3.96
643	483	3	29.2
576	626	4	42.85
1920	109	7	57.32
773	120	3	15.44
110	182	8	22.84
2817	14	3	31.97
175	3541	4	48.31
404	852	4	42.71
454	136	3	15.43
147	185	7	34.05
108	175	4	4.09
1012	123	5	36.12
125	121	10	24.11
7	146	21	73.32
2305	109	4	28.65
694	108	6	30.84
650	215	3	23.05
139	371	3	14.52
193	1297	4	37.9
123	680	4	23.69
102	963	3	9.87
287	418	7	67.58
729	164	3	20.63
1968	1968	5	84.18
4238	12	3	18.18
160	116	4	6.62
1743	109	7	55.45
386	102	3	5.03
117	533	3	13.03
259	1858	3	31.44
1862	104	7	49.66
2885	109	5	42.84
438	395	10	114.19
235	6349	3	43.32
167	120	3	4.58
1858	12	3	10.11
797	187	7	67.13
408	338	6	58.6
2603	12	3	13.26
154	105	15	36.42
753	103	8	40.88
310	153	7	46.67
2408	112	5	43.56
438	261	5	43.13
102	336	6	16.03
1821	202	3	28.83
136	273	3	11.84
119	169	29	170.15
109	216	5	11.69
178	130	8	33.09
212	7	4	6.71
449	12	7	16.6
131	154	8	28.48
256	149	4	19.19
1339	120	3	18.95
135	813	4	27.2
9	179	5	6.89
660	870	3	32.9
955	101	5	14.32
12	666	13	58.97
134	114	8	16.41
134	289	3	11.98
2484	580	3	39.33
215	106	28	144.12
252	218	4	24.62
363	112	5	21.81
390	122	6	33.81
1053	108	3	13.45
275	115	3	8.52
3916	103	3	20.53
2289	108	4	27.45
176	1857	4	39
701	12	6	17.2
428	110	7	35.15
101	638	4	6.8
101	706	4	7.52
102	1424	3	12.08
309	1434	5	59.07
315	2273	3	34.93
123	1241	3	19.73
110	759	4	19.79
506	148	31	363.98
101	281	6	5.88
5116	101	3	21.92
1130	1250	4	54.25
556	120	5	27.98
1787	3404	3	50.59
183	398	4	27.37
688	317	7	77.5
242	110	8	30.16
1206	12	5	17.69
898	127	3	18.35
3971	109	3	24
2098	2196	4	66.58
3341	109	3	22.43
999	8	4	19.49
2032	148	3	26.15
7	337	3	7.41
123	681	5	32.01
8	447	5	18.74
12	241	35	143.01
203	260	3	16.17
206	542	4	31.04
124	593	3	15.47
1182	110	5	31.88
110	350	10	53.89
157	525	3	17.87
162	16	5	25.57
108	102	36	34.17
315	225	3	19.11
483	165	5	35.88
299	2006	3	33.68
121	471	16	126.79
454	106	5	17.93
128	207	4	13.26
128	157	3	5.31
239	148	4	18.27
483	154	3	17.32
196	110	13	52.77
1112	110	4	22.96
301	103	18	87.76
101	436	27	139.62
2597	258	3	34.77
243	2392	5	62.48
1065	110	3	15
514	154	4	26.12
135	260	5	23.39
1405	131	3	21.5
118	151	8	22.29
548	132	4	23.33
873	123	7	53.8
667	106	4	15.53
314	104	3	4.78
716	272	6	61.21
150	229	15	106.83
5511	9	3	29.49
327	946	3	29.6
361	212	4	28.55
101	185	9	5.51
101	117	46	51.95
927	1828	3	40.09
2409	494	3	38.47
144	410	3	15.62
4546	119	3	29.25
1219	101	3	7.16
862	2715	3	42.84
1566	103	5	28.21
255	193	3	15.57
109	556	5	22.85
732	110	4	19.47
102	1587	5	26.8
4001	712	3	46.64
2040	1917	4	63.43
215	149	4	16.95
117	108	15	20.79
102	239	17	62.14
706	582	3	30.86
373	102	3	4.83
1700	308	3	32.8
256	106	5	11.27
175	464	4	27.19
467	223	7	62.69
269	101	8	10.22
405	269	3	22.36
123	193	4	11.53
3114	108	6	59.63
9	14	7	15.85
102	493	13	65.27
243	2	4	9.09
231	131	3	9.36
110	977	4	22.03
109	105	87	292.14
774	103	3	9.11
2801	291	5	67.81
188	318	3	17.48
2465	191	4	44.13
1022	7	3	13.64
131	165	12	56.29
124	543	5	30.2
190	198	8	50.22
650	118	4	21.36
308	106	20	115.68
523	112	6	32.43
113	2610	3	23.44
1314	126	3	20.76
210	136	3	9.46
136	869	3	19.15
129	429	13	102.56
153	232	4	17.93
1364	120	3	18.95
142	113	9	22.02
713	9	3	10.79
2075	1014	4	57.83
183	165	8	43.97
1502	4025	3	51.66
121	254	35	282.53
2132	153	5	51.87
109	926	3	13.7
412	245	12	123.55
8	1383	3	14.61
110	153	11	30.22
1476	112	3	18.01
110	211	4	8.27
1079	101	4	10.89
731	575	4	44.04
2012	101	10	73.08
1078	108	3	13.79
1541	12	3	9.05
101	295	16	45.96
117	3164	6	66.9
580	244	19	234.14
1508	12	5	20.77
328	136	3	13.7
150	126	103	950.53
820	110	6	36.03
186	129	8	34.65
105	264	3	4.07
790	112	4	21.49
482	225	3	21.59
233	265	4	25.87
333	7	5	16.99
923	118	3	16.45
513	106	9	45.27
787	198	3	23.36
492	492	4	39.74
2466	108	4	28.71
9	452	4	13.47
12	1746	6	28.92
280	104	6	14.61
101	942	6	19.5
711	119	8	56.69
270	334	3	21.47
807	116	3	15.38
121	2356	3	23.39
123	1608	7	64.07
553	3159	5	77.79
165	122	4	8.97
103	389	4	9.7
165	224	6	33.19
243	12	8	9.91
1855	108	3	17.02
1618	136	3	23.42
102	560	3	6.67
185	188	6	32.7
384	101	6	9.87
1432	101	6	25.14
987	305	3	29.1
9	118	10	7.53
160	104	11	19.04
140	151	6	19.92
425	135	5	29.73
58	8	4	10.58
847	101	4	8.97
114	1009	6	42
149	291	30	294.28
3780	129	3	29.15
589	2020	10	169.46
137	234	16	110.15
184	354	3	18.05
122	207	7	28.56
122	157	10	36.55
5664	4572	3	65.71
1209	123	8	70.25
131	398	3	13.9
1731	5317	3	56.71
1932	919	3	40.77
2	111	9	5.16
513	149	3	17.5
644	143	5	34.89
237	118	4	12.01
216	1015	4	36.88
296	102	4	6.5
135	4208	4	48.74
145	296	3	13.51
1628	784	4	54.05
1742	109	7	55.45
569	790	4	44.7
6137	290	3	45.53
105	301	3	5.2
12	498	8	22.23
193	1538	3	27.41
250	5885	3	43.97
102	650	4	12.23
230	136	4	15.77
614	103	3	7.92
264	105	4	7.3
581	123	15	129.43
388	8	4	12.38
125	17	5	20.1
3482	426	3	41.43
1383	123	4	29.48
4270	186	3	36.55
150	1153	7	66.65
225	568	6	54.22
128	171	4	10.54
183	154	4	15.15
12	302	14	40.3
734	140	7	55.72
228	129	4	14.36
105	351	3	6.24
156	107	10	21.19
114	421	3	11.44
12	1242	3	7.8
3357	14	5	69.28
2800	110	4	32.35
469	134	8	56.74
2187	101	5	24.38
129	150	3	5.15
257	116	4	12.78
552	102	4	11.03
114	177	5	11.56
242	178	3	14.07
113	2321	3	22.42
413	244	25	308.01
152	113	8	20.98
2545	103	4	25.28
3149	189	3	32.82
860	212	3	24.58
102	955	3	9.58
7	155	5	5.24
1117	101	3	6.48
191	101	9	6.16
564	653	4	43.13
150	469	3	17.03
156	283	3	13.76
210	106	7	16
301	132	8	47.99
162	101	41	107.41
108	114	10	7.35
897	119	10	82.37
4449	282	3	40.68
762	1451	4	52.24
123	1888	3	22.26
526	111	3	11.59
727	103	4	14.13
117	1871	6	51.78
217	237	11	88.41
121	484	6	34.34
1509	103	4	20.43
546	178	3	19.97
639	131	4	24.3
1394	115	3	18.83
398	105	6	21.67
687	1509	3	37.1
2085	109	6	48.03
192	121	5	14.72
3593	107	3	23.1
109	1401	5	33.05
2357	134	3	25.79
2	309	4	12.1
1162	698	3	35.3
670	2095	6	91.07
134	102	11	8.9
237	8	4	7.23
109	1222	4	23.1
310	148	8	55.2
266	8	4	8.54
768	101	7	21.86
778	106	3	10.8
184	186	3	12.14
2081	9	3	17.38
2138	12	3	11.45
103	319	4	8.22
101	673	3	3.99
4929	109	3	26.22
195	337	3	18.39
421	410	4	37.16
1573	119	3	19.76
232	475	3	21.73
265	1194	3	28.64
134	219	3	9.32
743	486	3	30.07
1156	110	4	23.46
631	394	5	52.45
481	143	5	32.18
151	229	5	24.25
118	854	5	31.97
771	154	3	19.98
292	343	5	42.91
3340	123	3	26.8
101	1775	3	9.45
551	101	4	5.97
1556	106	4	22.48
114	900	4	23.48
689	101	3	4.16
144	175	9	43.09
144	225	10	59.64
449	130	4	21.71
3354	8	3	22.75
3713	119	3	27.02
178	12	25	56.04
212	13	12	89.6
1024	158	4	32.11
407	127	5	28.25
1968	273	4	46.41
196	178	5	25.17
12	3776	4	25.22
147	135	8	29.45
157	358	4	23.42
117	983	3	16.65
133	172	3	6.56
650	8	6	29.24
210	149	3	10.84
486	103	4	11.05
5920	622	3	50.29
368	167	4	25.14
123	2308	4	34.48
124	306	3	11.61
756	1052	4	49.43
8	17	14	58.42
919	106	6	32.7
750	2369	4	57.89
547	808	3	31.66
230	106	13	48.22
138	165	3	7.08
110	198	14	59.15
553	6045	3	49.73
935	317	3	29.28
834	185	3	23.27
225	153	3	11.48
935	272	6	64.68
1698	426	6	80.12
783	225	6	58.34
1568	779	5	69.56
1382	109	8	61.3
101	221	7	4.44
8	1384	3	14.61
333	2	3	7.94
159	105	14	34.03
333	160	3	15.73
1896	108	3	17.02
151	921	7	63.16
186	277	5	31.88
922	533	3	32.34
1925	101	4	15.17
114	144	9	23.73
129	221	3	8.88
113	857	4	22.86
2930	101	3	13.76
2172	3140	3	50.43
150	480	5	33.97
329	107	3	7.14
118	215	6	21.01
3345	315	6	93.09
1698	3866	3	49.98
123	712	4	23.99
102	1832	4	20.89
183	108	20	84.14
4665	944	4	70.86
562	12	6	14.55
869	119	8	60.44
863	578	3	32.11
3112	177	3	31.8
336	132	3	13
488	4528	3	44.56
108	254	4	8.53
1043	134	4	28.99
3333	109	3	22.43
289	2869	3	35.97
102	1186	4	16.91
109	163	7	13.73
1547	116	3	19.34
109	310	14	78.34
408	561	4	39.27
115	937	4	24.08
618	968	3	33.39
119	384	4	17.77
653	129	8	61.09
1280	2533	3	44.18
203	668	4	32.68
1233	202	3	26.29
1133	123	5	37.33
9	332	4	11.27
1715	101	4	14.37
2078	109	5	37.39
1539	119	4	29.01
6324	101	3	21.92
110	1990	6	49.41
872	202	3	23.94
373	160	3	16.41
229	12	24	72.08
903	196	4	34.69
216	2136	3	31.18
202	640	29	394.76
1769	120	3	21.04
280	103	6	14.25
1037	245	5	51.17
137	535	5	32.61
141	188	4	13.62
539	1048	3	32.99
121	2545	4	34.2
1420	101	3	7.95
868	121	3	16.27
609	144	3	17.83
121	818	4	23.77
2517	2517	3	49.04
326	12	5	6.4
638	1562	3	36.45
1176	226	5	51.02
2712	1911	5	88.37
3364	311	4	56.78
1412	410	5	62.03
241	361	12	120.15
164	102	8	8.54
653	483	4	41.76
180	2444	5	56.95
2247	1595	3	44.71
457	101	9	23.85
115	1876	3	20.46
472	2472	3	38.16
1927	589	10	162.76
101	1806	3	9.45
160	103	81	468.6
102	396	8	28.38
117	398	7	38.81
118	2030	4	31.31
109	210	3	4.17
123	1388	3	20.16
281	2455	3	34.6
460	136	3	15.57
212	12	16	32.33
107	580	5	21.68
85	102	3	9.58
144	261	13	91.47
388	672	9	108.61
101	2679	3	12.57
490	128	3	14.88
920	750	9	128.63
1038	101	6	20.82
108	160	7	11.4
176	1494	3	26.02
135	239	4	15.98
156	108	11	25.19
2764	2914	6	126.35
12	101	117	16.34
1607	109	6	43.58
124	379	3	13.09
2835	112	3	22.94
102	725	6	24.63
2	4648	3	26.22
105	300	9	34
4987	12	3	22.63
723	226	3	24.1
509	110	8	45
2475	104	4	25.55
375	134	26	249.36
1405	103	5	27.31
1054	14	4	35.87
135	113	10	24.51
671	127	3	16.62
585	490	5	53.98
287	492	7	69.77
123	2022	5	44.7
110	365	8	39.94
147	221	8	45.42
824	12	6	19.12
108	113	16	21.86
133	3835	4	43.06
107	890	3	12.54
422	110	6	27.91
1122	108	3	13.79
695	140	4	26.54
107	712	3	11.08
121	2984	3	25.64
131	1108	6	49.19
211	141	3	9.76
147	474	4	25.05
865	144	3	19.9
123	1071	5	36.71
175	804	3	21.93
3117	154	3	30.2
542	384	3	27.13
2499	158	5	53.98
1019	103	14	105.31
134	12	54	132.26
914	102	3	9.3
275	104	20	95.99
627	106	5	21.02
3973	109	3	24
1028	8	4	19.93
990	103	7	37.9
1359	12	4	13.29
275	3934	3	38.13
231	103	31	157.32
613	14	5	41.6
235	275	4	26.46
493	107	15	97.54
1437	101	3	7.95
1237	1259	4	55.32
116	305	4	14.95
113	270	5	18.29
439	233	4	31.16
771	108	3	11.53
6427	105	3	28.42
2514	832	3	41.81
1666	248	4	43.22
395	120	3	11.75
3237	12	3	14.45
133	603	5	32.15
796	3248	5	81.93
199	2162	4	43.23
334	128	3	12.83
414	172	4	26.15
102	374	18	94.61
122	16	4	13.16
460	106	18	117.09
565	14	5	40.95
391	3104	6	95.93
101	758	3	4.53
307	652	3	26.7
107	229	6	15
141	257	3	11.53
613	430	4	40.4
930	104	4	16.46
417	107	5	18.84
461	386	4	37.58
1380	107	4	22.49
237	151	3	11.94
653	2699	3	41.14
524	254	8	79.7
124	668	5	32.51
175	269	9	64.12
672	129	4	24.69
430	1023	3	31.74
947	1187	3	37.14
124	239	10	54.74
243	990	3	26.88
118	385	19	148.81
426	262	3	22.33
152	129	8	28.09
385	110	3	9.44
1192	101	3	6.81
1480	104	3	13.1
6544	116	3	33.3
2893	109	5	42.84
312	125	4	18.05
105	135	7	4.94
1179	106	5	27.58
107	739	6	31.3
378	245	5	40.82
834	186	3	23.27
101	170	20	29.37
560	580	5	54.81
284	115	6	25.99
230	169	8	50.16
2363	108	3	19.29
101	3048	3	13.76
966	120	3	17.09
3578	1215	3	48.03
1434	103	10	74.09
12	1545	3	9.05
202	2768	3	32.16
691	122	7	50
4593	242	3	39.2
101	351	6	8.87
108	277	3	5.62
2619	134	7	84.91
1207	1207	3	38.52
297	178	4	23.81
523	110	5	23.39
2717	12	5	29.44
434	103	3	6.19
1083	690	3	34.92
2493	291	5	65.6
167	136	3	7.08
1028	468	3	32.18
167	267	9	63.19
320	249	5	39.28
286	106	8	27.84
648	118	6	37.27
240	856	3	25.85
689	110	6	33.97
107	1138	3	14.15
119	149	6	13.8
447	4001	3	43.95
13	2	4	6.48
227	144	3	10.72
189	106	31	150.98
117	283	4	14.1
203	989	3	25.02
2184	107	3	18.42
1300	198	3	26.67
1765	174	3	27.06
620	1415	6	82.09
679	202	3	22.47
803	102	3	8.79
3083	204	4	48.33
3638	104	3	20.73
2960	129	3	27.57
335	105	7	25.25
107	126	14	26.44
161	2	4	4.13
1255	169	3	24.32
107	293	8	31.31
5296	445	3	48.45
473	101	4	4.95
4548	118	3	29.05
132	134	30	166.4
224	104	65	454.47
654	101	12	48.26
2077	109	7	59.51
527	106	3	8.52
113	992	5	32.59
716	317	5	51.8
159	284	3	14.28
475	625	3	28.85
12	530	4	6.37
772	169	3	21.19
1653	1043	3	40.14
124	560	3	15.11
206	579	3	21.81
1620	1143	3	40.87
5401	101	3	21.92
246	200	9	66.64
113	693	6	37.05
5134	5856	3	70.21
288	225	4	26.6
5127	7	3	29.99
153	104	70	371.67
196	112	19	98.61
657	107	4	16.54
102	1816	3	13.66
950	158	4	31.22
101	581	6	13.62
162	241	3	12.9
101	461	4	4.95
142	319	13	99.53
128	16	5	20.18
123	679	8	59.67
2567	101	3	11.6
190	104	17	54.3
370	370	16	195.51
216	343	6	47.82
102	1040	3	10.18
1117	110	3	15.34
101	1224	3	7.16
268	545	3	24.18
191	411	3	19.3
101	1599	3	8.4
1060	12	4	11.32
242	112	7	26.88
943	2652	3	43.42
123	935	4	26.46
688	272	7	73.38
1333	2875	4	64.35
426	107	3	8.34
1134	109	4	22.05
101	251	10	15.04
433	105	5	16.9
115	257	6	23.86
1583	413	5	62.96
1051	749	14	226.71
226	446	9	85.17
3942	101	3	15.29
107	1622	7	53.33
156	983	4	31.47
114	695	5	29.17
270	1268	4	41.67
229	130	9	47.03
119	106	175	1079.56
175	233	3	13.26
309	115	3	9.82
3822	103	4	31.3
134	2	6	5.76
1559	103	5	28.21
189	149	4	15.19
1052	1483	4	55
102	532	6	20.69
12	740	10	40.66
200	119	53	426.45
223	106	14	52.69
2462	270	3	34.12
101	1738	3	8.89
188	1454	3	26.56
1946	101	5	22.93
137	105	7	5.43
829	152	3	20.46
149	3670	3	31.65
404	196	5	37.66
757	12	5	13.24
251	1311	3	29.11
1207	612	4	48.65
240	648	3	24.17
596	110	4	17.81
1793	12	4	16.08
502	368	3	26.54
102	255	8	19
189	136	3	8.39
102	1423	3	12.08
417	138	3	15.13
103	113	12	4.95
839	12	3	5.75
184	248	5	29.85
262	5787	3	44.32
116	483	4	18.69
188	497	3	20.01
188	557	3	20.68
377	112	5	22.22
167	106	44	225.21
561	2801	7	116.93
1005	116	5	33.15
1775	174	4	38.86
212	2	3	4.21
240	3444	3	36.91
2413	103	3	16.74
118	671	5	29.44
12	665	4	8.07
116	1561	9	84
105	926	3	11.51
12	240	7	7.03
833	5011	3	52.4
922	122	3	17.73
136	1085	5	40.28
685	120	3	14.98
4418	230	3	38.58
483	108	7	32.93
526	101	4	5.61
3275	118	4	37.11
752	107	13	93.4
505	106	3	8.37
110	168	5	8.52
166	186	3	10.75
1199	139	3	21.24
991	418	4	44.31
132	164	13	62.69
3712	108	4	34.75
101	133	22	15.29
225	298	3	18.54
640	105	4	14.53
312	158	8	56.15
281	1176	4	41.76
150	274	4	19.97
114	309	3	9.68
1293	123	5	38.72
146	383	3	16.02
114	323	5	21.79
176	566	3	19.82
175	658	3	20.53
333	12	6	9.46
323	618	3	26.81
859	518	4	44.72
285	1079	7	82.19
277	257	3	19.15
12	1170	3	7.44
225	148	5	23.89
124	3687	3	28.69
6651	109	3	30.71
101	285	7	8.78
575	106	16	106.98
519	116	4	19.32
2588	750	4	59.42
588	101	6	13.96
2304	109	5	38.88
137	643	5	34.21
111	284	6	23.7
1249	110	5	32.59
2699	105	3	18.93
297	110	5	17.59
190	196	6	34
548	131	6	40.12
110	1159	7	50.38
270	2054	4	46.2
1242	102	3	11.23
553	101	4	5.97
445	107	4	13.66
232	107	8	24.72
118	660	7	45.89
243	7	3	4.76
2890	109	3	21.2
223	136	3	9.9
223	267	3	17.33
2020	143	10	124.55
116	276	20	135.51
116	129	18	62.07
639	103	3	8.1
1486	9	4	22.73
521	103	6	22.3
131	108	30	101.57
122	101	39	48.16
544	123	13	105.49
285	265	3	19.69
1194	107	7	46.66
1454	128	3	21.36
123	1289	3	19.73
113	3926	3	26.25
102	1376	7	40.98
171	259	3	14.19
268	1930	5	60.64
119	136	17	64.51
119	267	8	38.55
1241	317	3	31.06
764	1145	3	35.77
349	1182	3	31.2
117	107	8	4.17
475	104	11	53.53
1892	3158	3	49
983	107	3	13.13
344	116	3	10.53
1300	153	7	69.27
1417	373	4	46.69
268	1020	3	28.06
384	12	7	14.84
160	150	3	7.79
4746	7	4	40
243	101	8	8.5
246	5447	3	43.77
123	1609	5	41.25
122	7	9	9.14
682	112	7	44.49
662	191	7	64.77
121	1019	10	87.06
116	273	3	8.53
2167	1499	4	62.9
484	103	5	15.97
6450	4977	3	65.71
1253	811	7	101.05
2330	160	3	28.39
285	464	4	34.35
310	119	15	101.34
871	345	3	29.24
117	249	6	23.45
1391	112	5	35.11
567	952	3	32.7
145	135	3	5.14
513	103	3	6.98
119	131	22	88.51
12	2251	4	18.05
150	631	5	36.69
165	1653	4	37.47
1508	101	3	8.4
129	121	9	21.14
4907	191	4	55.22
101	296	11	23.8
166	138	3	7.08
1079	12	3	7.11
254	229	10	82.18
147	147	18	106.49
172	110	12	40.14
240	1200	4	39.69
107	1770	3	17.02
848	591	3	32.3
185	693	4	31.84
4252	7	4	40
4927	109	3	26.22
548	136	4	24.43
745	120	3	15.21
343	138	3	14.04
308	103	16	76.03
12	145	50	136.54
272	210	4	25.01
139	581	3	16.86
1407	108	3	15.41
101	1158	3	6.81
223	624	3	22.92
5769	118	3	33.54
762	101	3	4.53
2273	517	3	37.93
400	101	6	10.09
780	106	9	53.99
727	119	3	15.07
1584	522	7	98.12
906	275	3	27.35
3370	118	4	39.73
2762	1476	4	65
125	164	13	60.19
101	6457	3	21.92
116	988	13	118.73
494	197	3	20.53
3332	109	4	33.34
121	308	8	43.55
12	423	15	57.33
2655	119	3	24.21
2079	109	4	27.56
314	250	3	20.22
1134	123	11	104.92
102	771	3	8.33
2482	108	7	63.56
527	131	4	22.82
105	246	4	6.53
133	903	3	18.6
189	131	5	17.41
176	1082	3	23.85
1111	101	4	10.89
244	119	59	550.75
103	293	8	24.85
1286	142	6	53.29
526	667	5	55.95
812	12	11	50.51
207	655	6	54.37
322	170	3	16.4
251	184	4	22.42
108	614	3	10.3
107	1347	3	14.95
113	318	3	9.71
142	1918	6	59.28
929	101	3	5.64
973	108	3	13.13
631	291	3	25.93
102	470	6	19.45
58	166	14	119.71
286	131	3	11.48
151	156	3	7.51
195	177	3	11.79
862	591	5	59.75
408	202	3	19.61
12	5527	3	22.63
520	104	7	28.72
2261	189	3	29.68
157	832	3	20.84
499	523	3	28.25
266	108	3	5.23
265	521	5	44.97
778	103	3	9.34
858	278	3	27.23
2120	193	3	29.99
317	114	3	9.87
149	345	7	48.15
136	591	3	16.9
1010	494	3	32.16
101	1673	3	8.89
9	166	43	225.92
358	127	9	59.8
160	120	5	10.96
447	1542	3	34.41
151	129	3	5.21
179	178	4	16.76
996	129	4	27.9
535	103	5	17.02
823	745	3	33.29
231	169	3	12.86
167	116	4	7.38
2298	109	6	50.02
1509	106	5	30.79
365	125	5	26.63
101	570	4	6.17
1021	545	3	33.17
162	12	37	97.33
150	1165	3	22.57
1886	9	7	54.49
684	278	6	61.21
191	12	8	5.46
210	103	15	48.75
203	202	4	20.47
133	320	14	104.72
673	101	4	7.27
548	106	4	14.02
1293	109	6	40.39
123	1073	5	36.71
518	177	4	28.24
1494	116	3	19.34
309	807	3	28.22
102	698	3	7.91
199	199	5	27.37
105	122	11	10.25
2865	113	3	23.44
129	147	3	5.13
1352	1006	3	38.29
1248	103	4	18.55
328	103	27	168.42
1093	110	5	31.22
101	147	21	24.61
208	687	3	23.23
1897	359	3	34.5
187	274	5	31.68
1099	1061	3	37.42
138	151	7	25.21
355	920	3	29.94
177	102	6	4.97
213	157	3	11.15
187	112	7	21.11
230	103	10	27.11
2496	534	3	38.97
284	185	3	16.33
717	189	6	53.82
193	122	5	16.1
277	271	10	91.1
452	671	5	54.59
124	309	3	11.8
1013	9	5	26.9
435	636	4	40.67
1129	4579	3	49.49
441	228	5	40.85
8	9	74	219.93
139	133	3	4.21
1480	106	3	14.42
440	116	7	39.84
114	337	3	10.27
3972	109	4	35.96
114	390	18	136.1
118	196	4	9.89
3078	3945	3	55.16
1794	230	3	30.2
17	9	5	11.04
148	1825	4	36.74
128	13	11	56.09
125	134	18	77.18
2304	123	3	23.68
418	718	3	29.34
122	114	5	4.61
178	101	47	155.43
544	109	14	95.65
6441	2124	3	58.75
109	184	4	6.03
4586	116	3	28.81
116	143	33	170.02
289	380	6	54.93
167	131	4	10.47
185	239	5	29.49
282	493	3	24.07
256	183	3	15.18
634	210	5	43.24
551	12	10	34.75
461	343	5	48.21
6615	306	3	46.09
215	132	6	25.74
12	954	3	6.25
117	221	3	6.72
1996	254	4	45.5
3605	235	4	52.8
140	365	3	14.42
149	394	7	49.91
485	147	3	17.16
3104	749	4	61.35
2106	1231	3	43.31
794	173	7	64.32
136	113	4	4.16
200	534	3	21.07
1250	272	6	68.63
345	121	6	30.58
103	144	10	11.75
3216	101	3	13.76
1126	4159	3	49.49
240	101	16	35.26
645	1936	3	38.28
152	142	5	15.13
772	103	6	26.78
157	171	5	19.49
213	318	4	27.42
213	218	3	15.06
1382	123	5	39.49
1034	585	3	33.53
416	285	4	33.57
101	356	19	72.35
108	339	3	7.24
265	2470	3	33.89
2046	180	4	40.55
172	178	4	16.16
412	1199	3	32.19
101	1125	4	10.89
573	101	4	6.17
1133	109	5	30.08
1150	134	6	50.74
715	101	3	4.34
502	153	4	25.9
2078	123	3	22.93
1171	12	3	7.44
105	894	4	17.35
354	473	4	36.76
144	187	4	14.22
322	133	3	12.79
2071	111	3	19.94
165	3115	4	45.09
192	134	5	18.45
1403	204	3	27.42
968	104	6	30.7
3089	104	3	19.16
1528	557	3	35.69
134	1426	3	21.85
144	438	4	23.73
401	258	6	53.02
644	189	4	31.08
282	12	6	6.91
1406	108	5	31.56
117	186	8	28.47
180	737	16	180.79
102	188	8	11.97
9	465	5	19.29
282	320	11	110.65
9	418	6	24.24
204	124	7	29.49
102	201	5	4.65
135	2327	3	25.98
103	162	42	182.14
101	658	7	19.76
101	1015	3	5.9
1033	134	4	28.99
376	105	4	10.98
102	454	6	19.16
344	505	4	37.24
123	304	4	17.23
876	104	4	16.07
174	314	5	32.33
269	337	3	21.4
367	107	3	7.76
116	1514	5	38.27
589	812	10	136.86
12	114	22	6.45
308	132	10	66.14
114	2728	3	23.62
105	366	3	6.55
156	180	3	9.33
1662	12	3	9.56
1488	757	3	37.07
447	716	3	29.62
412	275	4	32.73
1404	275	4	43.12
166	107	29	130.3
556	104	4	12.33
118	1248	7	56.46
116	921	7	51.14
187	142	5	19.19
925	445	3	31.23
129	154	7	22.86
173	105	13	33.62
9	2348	3	18.98
124	318	13	91.81
216	386	4	29.4
168	400	3	17.49
2754	384	3	38.21
108	171	5	6.64
382	134	11	82.06
3219	106	3	20.52
128	7	8	8.69
226	2448	4	46.16
118	1434	3	19.08
221	243	3	16.38
230	449	3	21.52
762	240	4	35.93
495	102	3	6.1
984	107	3	13.13
12	159	14	12.45
12	7	34	7.39
190	119	4	9.59
228	192	5	29.12
191	189	4	19.05
123	2528	7	75.96
16	2	4	8.23
283	228	3	18.04
455	124	3	14.01
12	562	6	14.55
1030	101	3	6.18
2891	109	6	55.71
773	104	5	20.68
230	132	5	20.56
180	1528	4	37.97
108	422	3	8.35
342	255	4	30.5
2294	180	3	29.04
1485	9	3	15.11
109	466	3	9.7
1153	12	3	7.44
738	473	5	55.64
184	246	4	21.97
1138	196	12	146.74
141	175	4	12.24
2303	109	5	38.88
665	141	3	17.97
701	101	3	4.16
101	842	9	35.71
354	265	4	31.04
420	497	6	63.29
237	122	3	8.59
140	518	3	16.36
2523	2791	5	92.94
3585	282	3	38.45
215	103	45	259
145	117	7	15.99
511	120	5	27.12
583	108	15	103.99
4018	1176	3	49.86
12	1074	3	6.8
102	579	4	11.26
1755	108	8	66.67
334	12	5	6.54
9	122	10	10.49
1186	262	4	40.61
258	117	3	8.16
179	110	6	13.23
924	4070	3	48.48
138	1805	3	24.14
149	3106	4	43.55
313	308	3	22.41
187	982	9	96.14
449	101	8	19.34
167	104	17	46.15
1723	179	3	26.89
226	6271	3	42.9
1929	103	4	22.96
192	164	4	16.88
516	230	7	64.95
404	215	3	20.27
116	127	10	23.24
1033	164	3	22.87
261	563	3	23.89
434	120	6	33.01
1525	282	7	87.89
1413	2738	4	65
757	272	3	26.2
123	1408	4	30.12
2122	737	3	39.92
103	453	4	10.69
102	1333	3	11.64
227	390	4	29.77
151	305	6	37.35
1535	230	7	82.86
289	1285	3	30.1
241	140	5	23.07
542	608	5	54.83
1102	286	4	41.47
1894	234	4	43.39
649	194	9	88.24
9	524	3	9.17
894	268	7	76.97
4975	7	4	40
103	128	26	59.28
107	5039	3	29.8
108	1025	7	44.73
753	136	3	18.37
234	127	14	87.17
4696	12	3	18.18
101	795	8	28.74
281	972	3	28.29
283	1723	5	59.15
259	1460	10	131.87
211	2	4	7.49
4581	5573	3	65.71
1266	7	13	114.72
5391	3056	3	61.89
271	125	3	10.34
342	306	4	33.04
186	192	6	33.39
1854	118	3	20.71
2223	125	3	24.02
667	103	5	19.22
206	129	7	30.75
287	14	9	71.39
548	384	3	27.31
688	12	3	4.73
146	115	9	26
12	322	18	66.59
1530	104	3	13.58
135	318	7	42.62
135	218	8	40.7
897	153	5	40.69
645	964	4	47.46
1184	125	3	19.67
301	106	9	35.04
162	130	8	30.12
766	1343	3	36.6
254	126	59	605.51
102	1843	5	28.92
109	811	5	26.86
365	158	5	31.98
454	103	7	26.42
338	108	10	47.89
365	128	4	20.01
1864	200	5	54.37
966	116	4	24.52
2352	107	3	19.28
128	130	8	21.79
108	340	3	7.24
991	14	3	24.65
101	491	6	12.08
769	140	16	163.72
283	217	3	17.71
542	122	4	21.54
176	115	3	4.42
105	534	3	8.35
2477	1263	3	44.18
103	1740	3	13.91
538	478	4	40.2
12	336	5	6.54
140	1059	4	29.91
233	279	3	18.17
152	192	6	28.36
3563	104	3	20.73
152	141	3	6.31
12	379	5	7.48
12	455	21	101.3
138	1369	5	42.65
1828	104	3	14.69
1744	109	8	66.71
2284	143	3	25.85
633	246	11	121.19
654	12	5	11.85
175	789	3	21.68
527	103	8	34.58
2396	643	4	56.38
473	12	5	8.99
1724	103	3	13.91
1707	140	5	45.5
108	527	7	34.1
111	356	3	9.62
2884	109	5	42.84
592	121	4	21.09
12	1302	3	8.18
3978	123	4	41.82
316	102	3	4.03
102	3698	3	19.67
131	539	3	15.51
101	2466	3	11.6
103	324	10	38.82
217	908	4	36.03
103	158	78	435.46
475	120	6	33.9
323	162	4	23.48
189	103	59	346.44
867	118	3	15.88
2	146	20	72.36
2306	109	5	38.88
719	170	3	20.99
113	188	19	98.28
2880	863	3	42.84
286	103	10	34.34
58	344	4	33.3
140	122	43	265.3
243	286	4	27.71
757	317	6	65.22
829	108	3	12.01
1919	109	9	81.79
2095	104	3	16.09
3326	9	3	21.22
349	129	3	12.95
285	2917	5	70.33
818	258	3	26.26
603	105	5	19.79
492	14	4	29.67
223	103	29	139.59
750	2	3	12.38
102	453	4	9.67
137	1579	3	22.87
762	619	6	73.13
12	796	3	5.53
1696	198	3	28.18
179	112	16	70.52
6446	7	3	29.99
9	501	4	14.05
726	4484	3	46.87
12	873	4	9.81
119	103	50	142.79
946	1892	4	56.44
262	110	3	6.38
105	692	6	28.14
1782	394	4	49.36
615	1679	5	67.87
1209	109	6	39.5
489	172	4	27.51
121	801	11	91.62
5807	200	3	41.66
101	252	7	6.64
581	109	9	53.2
225	119	29	203.22
166	108	6	9.17
828	9	3	11.72
3533	103	3	20.53
392	124	11	78.59
121	228	14	76.88
515	324	3	25.91
571	140	19	189.12
177	2	6	11.6
716	12	3	4.91
12	544	6	14.23
1069	197	3	25.07
118	434	5	25.06
383	188	3	18.74
105	184	8	16.31
1060	101	5	15.37
2	601	4	16.91
114	190	9	33.64
552	161	3	18.73
116	1946	6	53.21
110	1244	5	32.59
852	103	5	21.66
228	143	19	138.34
197	1676	4	40.26
146	253	6	33.45
320	656	4	38.66
461	1897	5	66.34
128	113	11	26.58
955	1965	3	40.77
437	12	4	5.23
102	1866	5	28.92
147	115	21	95.74
336	106	3	6.36
1444	223	7	80.71
2133	568	4	54.31
1383	109	8	61.3
153	150	3	7.39
2574	240	3	33.06
139	105	46	191.26
1318	278	4	42.69
309	671	4	38.53
206	113	4	9.72
563	118	6	35.26
5212	426	3	48.16
677	118	7	46.43
1231	1326	5	72.94
378	275	3	22.33
132	17	4	15.09
1598	884	6	88.37
910	194	3	23.99
1197	7	6	38.08
294	116	4	14.6
773	103	4	14.43
500	311	4	36.02
785	12	3	5.31
230	131	9	47.54
515	127	3	15.13
3327	2743	3	52.33
128	2	12	23.01
365	162	3	16.53
108	243	3	4.61
2684	2724	6	120.61
108	172	5	6.69
142	141	4	8.92
107	1024	4	20.39
181	184	3	11.86
594	1310	4	49.54
2011	283	3	32.97
102	2358	5	33.42
12	2	38	16.52
272	105	3	4.31
190	120	19	104.55
2411	131	3	25.43
107	1165	3	14.15
241	176	5	27.94
1723	1395	3	42.16
116	1508	4	28.44
140	214	4	15.14
237	476	4	31.72
334	102	6	16.03
9	121	19	34.71
102	408	3	5.24
3338	123	3	26.8
1051	1763	5	74.85
304	102	4	6.71
192	8	4	5.17
148	462	8	62.06
167	103	9	13.8
1170	12	3	7.44
890	291	3	28.11
107	319	3	6.86
920	2789	4	61.3
4919	109	3	26.22
839	101	4	8.97
165	535	3	18.96
266	121	3	8.82
123	1135	5	37.33
124	698	4	24.39
530	464	3	27.94
117	209	7	25.78
710	306	5	50.72
226	3983	3	36.18
446	108	8	38.69
12	2138	3	11.45
781	108	23	215.08
145	133	6	16.65
380	313	3	23.75
152	772	3	19.96
2256	103	3	15.88
105	837	5	23.6
2010	118	7	66.12
114	835	3	15.49
136	245	11	68.5
1011	102	13	88.55
107	174	4	4.05
131	490	3	15.02
784	346	7	80.67
8	2081	3	17.33
122	12	35	43.59
1873	142	3	24.32
682	178	3	21.36
1714	129	4	32.6
639	106	7	34.46
510	101	4	5.44
367	1611	3	33.47
521	106	7	31.79
256	104	6	13.11
617	101	4	6.58
1233	338	4	44.65
481	276	5	44.92
179	324	4	25.01
179	158	6	26.72
481	129	13	105.51
102	359	5	12.35
1029	12	3	6.8
2413	149	3	27.8
4772	475	3	44.24
542	103	3	7.27
163	2	4	4.28
745	118	3	14.88
12	321	6	9.28
12	6414	3	22.63
2315	1082	3	42.53
183	249	6	38.13
124	1317	3	20.46
815	3496	3	45.39
153	120	22	107.83
539	196	3	21.03
1243	193	7	74.98
2050	558	5	69.33
142	293	7	42.22
597	4439	3	45.6
350	158	6	40.2
138	294	3	12.77
452	807	7	85.14
954	101	3	5.64
133	543	5	31.22
1149	107	3	14.15
933	839	3	35.18
263	440	4	32.67
224	120	5	16.8
328	131	3	12.86
468	138	3	15.69
419	12	4	5.09
129	115	5	6.01
12	2698	3	13.26
1250	317	4	44.07
197	113	3	5.43
1297	120	3	18.95
990	136	4	29.23
109	355	5	18.65
261	303	3	20.08
261	101	8	9.61
280	106	4	8.42
387	8	4	12.38
116	1153	5	35.02
569	118	3	13.48
229	101	26	76.71
119	132	38	196.4
123	2896	5	50.17
2	130	27	92.98
743	353	3	28.33
170	113	8	24.1
12	770	9	35.16
160	149	10	49.13
1715	12	4	15.27
467	118	3	12.36
119	449	4	18.85
135	662	4	25.58
456	112	7	38.26
116	192	9	34.85
891	1054	3	36.11
222	561	6	53.61
122	2	7	5.81
232	1370	3	28.14
342	560	3	26.58
116	697	21	202.43
1593	116	3	19.34
966	104	7	38.37
562	101	4	5.97
228	112	6	19.84
622	153	3	18.69
263	226	7	52.48
842	105	3	10.96
643	143	3	17.69
1166	103	3	11.67
268	407	3	22.49
3131	2494	3	51.3
7	111	10	5.6
1405	136	3	22.37
1552	736	3	37.33
355	1729	3	33.66
102	603	3	6.99
1828	116	4	30.05
1373	101	3	7.54
159	168	3	8.95
110	1428	3	16.97
515	125	3	14.8
138	234	38	342.02
166	137	7	27.31
3998	102	3	19.67
2531	101	3	11.6
187	162	4	16.2
121	3125	3	25.64
187	110	9	28.5
594	14	8	74.53
342	12	6	9.83
4691	500	3	44.56
403	108	4	12.98
101	195	12	13.56
540	788	3	31.22
115	270	3	8.37
225	8	4	6.65
3468	107	3	23.1
105	168	14	37.25
1036	1061	3	37.06
199	325	3	18.26
468	116	3	12.14
3313	191	4	47.58
1284	214	3	26.99
12	348	10	25.76
123	872	6	43.95
159	147	5	17.64
3790	3376	4	81.3
846	258	4	37.91
883	418	3	30.65
133	338	3	13
2305	123	3	23.68
114	559	3	12.92
101	448	8	19.34
1108	1942	3	41.77
108	161	14	40.62
225	414	3	20.73
1012	109	12	96.15
260	102	6	11.43
311	122	5	23.84
128	12	21	15.7
1038	12	5	16.48
663	1159	5	64.65
421	127	3	13.95
1077	108	7	45.67
362	147	4	23.26
322	105	4	9.86
116	126	8	15.33
555	134	5	32.05
109	211	3	4.21
1128	172	3	23.71
212	101	7	3.99
160	106	17	49.51
140	153	8	31.13
1696	214	4	41.32
787	368	4	41.46
818	1556	7	105.04
174	450	3	18.42
275	120	3	9.05
102	218	8	15.49
102	318	8	24.73
189	132	7	29.03
1778	134	7	70.51
121	614	7	45.81
103	125	93	441.27
453	8	5	18.97
226	4945	3	38.41
965	106	3	12.16
2569	109	6	52.47
280	149	3	13.5
1567	959	4	54.81
131	520	4	22.82
1067	142	4	30.09
1805	103	4	22.02
9	17	4	7.29
1143	1597	4	56.71
756	128	3	17.37
179	125	7	26.01
232	194	37	388.53
348	12	4	3.99
167	183	6	29.73
2755	6254	3	60.65
101	1081	3	6.48
288	2488	3	34.86
231	106	9	26.88
122	130	4	5.08
1070	1448	3	39.09
1174	116	3	17.57
107	276	4	9.4
701	111	4	20.06
775	110	3	13.05
627	103	13	76.23
2344	108	3	19.29
12	1057	4	11.32
117	135	6	10.2
145	170	5	17.9
243	4242	3	39.27
1248	104	4	18.81
232	899	3	25.64
12	425	6	11.74
370	232	3	20.51
957	162	3	22.03
177	12	30	75.3
121	187	5	14.19
763	150	3	19.85
202	235	15	125.94
2919	200	3	33.35
225	118	5	16.28
294	104	3	4.25
108	188	6	11.74
824	101	3	4.94
575	132	3	15.89
463	101	5	8.02
131	644	5	32.76
784	847	3	34.06
12	1571	4	14.55
314	1357	5	58.4
111	147	7	14.62
248	756	9	98.6
403	486	3	26.61
8	581	4	15.08
133	260	4	16.28
146	147	3	7.2
102	1036	3	10.18
118	297	3	9.6
124	459	3	14.01
105	372	3	6.55
191	245	3	15.13
135	188	3	8.06
1082	104	3	11.51
210	104	22	90.21
156	186	4	15.33
121	1300	3	19.01
364	101	6	9.26
123	716	5	32.78
622	198	4	31.52
873	109	9	61.57
1463	106	3	14.42
2255	134	3	24.92
3163	12	4	22.63
16	13	5	29.22
3174	103	3	18.96
7	309	4	11.24
135	333	3	13.39
144	629	3	18.03
101	554	7	17.59
1364	103	5	26.48
2460	107	6	50.64
172	112	26	136.87
711	2536	5	75.04
2084	109	5	37.39
288	438	4	34.07
604	108	3	10.12
985	12	3	6.52
934	934	3	35.76
402	561	3	27.44
114	140	8	18.01
136	797	4	27.64
209	809	3	24.2
1179	103	5	25.02
711	1626	5	69.33
148	3245	4	43.51
108	1351	7	48.96
102	630	3	7.34
292	386	16	185.59
600	600	3	30.01
117	180	4	8.45
145	264	3	12.24
435	274	3	23
118	897	15	140.6
1538	138	3	23
102	1497	3	12.56
157	816	3	20.57
874	840	3	34.59
1769	104	3	14.69
105	2125	3	17.07
1048	106	6	34.1
161	172	3	9.31
2116	116	3	21.89
2040	2296	3	46.53
201	165	5	23.88
167	132	12	56.95
1177	119	9	77.87
57	601	3	23.2
450	2219	3	37.14
122	113	5	4.41
320	108	10	46.76
460	103	6	21.05
179	142	5	18.06
2525	12	3	12.28
118	776	5	31.05
160	136	3	6.48
103	1335	3	12.46
256	116	3	7.98
684	794	4	46.72
136	363	10	72.85
241	205	14	118.08
188	1078	3	24.9
2705	3097	5	98.12
213	115	4	10.53
828	123	4	25.3
166	177	5	21.38
884	141	3	19.7
4648	748	3	47.11
1387	123	3	20.16
1311	101	5	17.96
813	148	5	39.45
242	106	15	63.18
233	303	3	19.04
228	449	5	41.09
1346	101	3	7.54
105	171	9	17.26
149	1060	4	31.67
186	115	8	28.11
776	103	15	102.75
497	196	4	29.79
664	12	3	4.55
174	712	3	20.93
12	170	12	10.37
149	2483	3	27.8
118	172	25	138.46
102	978	4	15.52
1448	104	6	35.89
146	141	24	146.89
838	151	17	192.61
338	144	3	14.54
2894	109	6	55.71
355	743	3	28.33
365	104	14	68.88
183	205	3	12.96
196	149	3	10.2
483	173	3	18.68
682	131	3	17.05
192	12	28	78.57
1929	110	3	19.26
235	151	3	11.88
1265	104	5	26.06
1381	107	6	39.55
102	6005	3	26.35
546	106	6	25.99
1105	202	6	60.67
322	102	3	4.19
1310	287	3	30.44
208	347	6	47.07
150	1033	4	31.67
2300	109	5	38.88
456	132	7	46.48
241	186	5	29.59
1890	268	4	45.13
113	263	3	7.81
149	121	5	10.2
223	112	7	24.85
1150	12	7	30.25
1008	1769	3	40.41
9	111	18	22.43
148	1165	7	66.59
110	1769	3	18.6
246	2397	7	96.41
179	103	19	58.71
252	152	5	26.17
215	110	4	8.45
12	1063	3	6.8
2	118	8	5.79
843	101	3	5.16
119	112	89	517.99
1291	109	8	59.86
787	1509	4	53.28
453	160	4	25.67
102	1536	3	12.56
123	1129	4	27.82
1073	9	3	13.16
520	142	4	24.37
316	117	3	10.14
686	189	3	22.11
294	848	3	27.91
141	199	5	20.08
1923	123	4	32.43
101	2479	6	34.95
345	101	10	23.63
5029	116	3	33.3
961	123	9	76.84
151	566	3	18.26
1076	118	3	17.43
12	909	3	5.99
189	112	13	55.09
156	2185	3	27.12
102	299	9	28.2
155	110	7	13.64
2355	722	4	57.57
5694	103	3	27.21
101	1707	4	14.37
340	182	3	17.62
207	1885	4	41.76
12	824	3	5.53
286	112	13	73.8
687	153	7	58.55
9	128	21	53.84
721	513	3	30.39
530	101	5	8.9
631	194	4	31.55
178	121	6	17.74
109	161	11	29.97
2309	633	6	90.18
101	1056	8	33.17
546	149	3	18
1735	944	5	72.55
934	182	4	34.01
107	413	6	24.55
131	173	18	101.79
1374	2046	6	98.45
1154	108	5	29.25
977	105	6	32.66
1558	103	5	28.21
713	109	15	115.26
289	914	3	28.02
196	106	36	193.96
1364	125	3	20.49
880	119	5	32.79
108	211	7	18.21
378	476	4	37.41
114	571	9	60.43
246	259	5	35.25
1767	103	4	22.02
637	368	3	27.82
4698	230	4	57.48
113	4372	3	28.48
105	144	12	21.39
129	177	4	10.86
723	268	8	86.72
230	178	5	27.56
1347	126	5	40.5
105	528	3	8.19
297	120	3	9.91
1205	690	3	35.3
6288	208	3	42.25
308	178	3	16.58
931	143	3	20.13
309	1665	3	32.8
124	1262	4	29.29
144	2482	4	39.12
1815	103	3	14.49
12	1615	11	76.18
1343	106	4	21.17
125	130	26	127.57
575	112	9	58.4
4061	107	3	25.31
2182	119	7	69.26
284	113	6	25.37
737	110	18	154.52
110	129	11	21.68
110	276	24	157.68
1589	271	3	30.66
674	674	14	204.17
298	212	3	18.05
242	136	4	16.56
749	104	15	102.02
1035	101	3	6.18
136	621	3	17.08
323	104	15	72.38
568	106	6	26.36
140	437	3	15.31
534	120	6	35.56
391	2779	3	38.21
138	819	5	37.22
1153	134	6	50.74
138	1005	4	29.4
109	287	3	6.74
546	136	3	16.53
377	149	5	31.84
1339	158	3	23.73
479	115	8	49.07
13	418	5	37.82
116	5960	3	33.3
1474	116	3	18.84
9	207	6	12.95
9	157	6	7.25
140	16	3	10.28
729	101	4	7.78
13	465	4	29.13
579	119	9	62.2
530	193	8	72.22
377	106	11	54.05
911	109	13	103.58
1553	125	4	31.27
131	139	29	165.04
167	112	24	120.26
116	247	51	446.51
782	106	3	10.8
2081	109	5	37.39
844	318	3	28.69
188	487	3	19.85
1132	123	3	18.97
101	771	4	8.05
101	830	4	8.65
2389	126	3	25.15
1200	413	3	32.19
2367	167	3	29.09
187	5370	3	41.09
117	140	9	22.92
2510	2510	3	49.04
145	12	11	3.84
2	8	33	60.93
164	296	3	15.16
262	104	5	9.44
3334	109	4	33.34
139	114	5	7.28
632	148	3	18.72
1555	12	3	9.05
208	802	3	24.2
187	131	3	7.57
1668	140	4	34.16
1216	231	4	39.5
792	191	4	33.27
109	635	4	17.43
1458	1229	7	110.62
105	1138	3	12.82
108	115	9	5.7
196	136	8	38.75
1310	613	4	49.8
105	375	7	26.88
135	115	11	29.94
5638	107	3	29.8
5327	16	3	43.02
102	1107	3	10.51
201	318	4	26.43
167	125	6	19.19
986	107	5	27.39
449	121	4	19.11
1687	191	5	52.77
535	110	3	11.1
598	820	4	45.31
733	353	5	52.92
9	242	3	4.31
279	108	7	23.99
2617	103	3	17.74
405	12	5	7.82
384	134	4	21.15
2048	150	3	26.18
149	107	34	150.66
12	2216	3	11.45
726	639	4	44.82
138	3271	4	41.72
452	260	4	32.77
649	12	3	4.38
299	572	3	25.63
118	950	10	82.96
1580	1580	5	77.26
778	110	3	13.29
858	273	5	50.83
110	631	3	11.99
125	1057	6	47.3
2889	109	3	21.2
714	123	11	91.52
101	714	3	4.16
890	555	4	45.58
332	104	45	357.37
957	104	5	22.98
168	140	3	7.26
1272	731	4	50.67
101	208	7	3.85
1649	1760	3	43.82
107	778	5	24.93
199	140	3	9.03
455	105	8	35.51
294	1437	4	44.26
328	110	5	19.2
2301	109	5	38.88
1628	2448	3	46.13
585	101	4	6.37
3872	101	3	15.29
538	341	10	115.67
123	757	3	16.64
146	207	5	22.64
228	148	6	31.09
4932	109	3	26.22
852	101	5	13.39
146	157	16	91.86
157	1340	3	23.62
102	1046	3	10.18
302	12	8	14.52
123	2403	4	35.75
1549	136	3	22.87
114	436	4	17.71
16	57	3	16.22
759	126	4	25.42
2	860	3	13.13
162	164	18	118.26
101	459	4	4.8
188	687	3	22.07
260	117	3	8.16
4281	107	3	25.31
1193	112	5	33.63
1173	139	3	21.24
183	139	23	158.82
201	603	4	31.26
2063	426	3	35.95
1184	104	6	33
1292	123	8	71.58
895	12	3	5.99
147	201	4	15.83
180	1249	9	99.88
172	122	3	5.56
228	103	26	120.4
497	2901	4	55.96
12	133	15	5.8
156	139	45	341.56
174	679	3	20.71
209	922	5	47.48
389	101	4	4
251	2104	4	46.5
2324	247	5	62.59
7	501	5	20.59
2223	104	3	16.09
101	1378	3	7.54
1910	256	4	44.64
1833	592	4	52.51
721	787	3	33.03
772	242	4	36.02
6314	136	3	36.87
501	160	6	44.63
102	1972	3	14.31
230	110	11	46.25
758	105	11	69.11
271	104	4	6.46
494	101	18	78.85
1610	101	3	8.4
102	1459	3	12.08
2895	123	3	25.57
2651	104	3	17.94
2056	108	5	35.89
1384	9	4	22.09
2567	3651	4	75.21
3561	1397	4	69.55
141	1598	3	23.15
13	166	17	123.4
471	104	14	75.97
1070	591	3	33.53
2279	101	3	10.78
400	895	3	30.38
102	283	6	12.9
179	132	7	27.32
938	101	4	9.67
176	696	8	73.55
4152	108	3	25.32
167	142	6	22.44
178	17	3	13.77
858	480	6	71.89
1276	141	3	21.76
102	1308	3	11.64
109	227	5	12.1
109	292	8	33.4
626	118	15	125.24
698	884	8	109.19
192	130	6	23.48
175	255	12	91.18
492	424	3	27.03
117	159	29	159.15
309	254	7	60.01
1356	272	3	29.78
102	165	29	98.35
184	144	6	25.89
103	330	5	12.76
101	620	4	6.58
107	248	10	37.5
1830	103	7	49.18
107	105	18	8.97
142	729	3	18.44
107	352	3	7.44
107	556	4	15.29
578	541	3	29.28
460	112	5	24.04
3320	172	3	31.59
118	1934	3	21.38
391	104	3	5.91
738	191	3	22.6
355	343	3	24.02
871	107	3	12.26
2824	460	3	39.18
352	377	3	24.61
327	113	3	10.01
2208	122	3	23.42
165	1899	4	38.32
308	110	4	12.96
12	326	7	12.9
3335	123	3	26.8
458	107	5	19.53
7	121	17	30.21
1131	109	12	100.13
101	541	4	5.79
2080	123	3	22.93
162	134	7	25.45
142	121	7	15.99
325	9	3	6.78
183	173	13	86.29
1126	344	3	30.83
172	167	6	27.66
172	103	7	8.41
2160	103	3	15.88
187	104	7	10.93
180	5797	3	40.48
469	101	16	63.41
4922	109	3	26.22
749	116	4	22.26
401	777	3	29.56
105	207	10	27.71
105	157	7	8.22
524	776	3	31.05
974	12	4	10.91
441	153	8	61.66
314	146	6	37.88
118	496	4	19.2
2730	106	3	19.29
810	116	11	89.28
3419	165	3	32.8
152	168	3	8.54
912	109	7	44.35
110	245	4	9.91
132	241	6	27.92
1994	12	4	17
1358	103	3	12.46
5580	244	3	43.77
115	199	6	18.95
361	2	3	8.46
1178	359	3	31.55
869	274	5	50.83
125	12	79	230.04
102	3466	3	19.67
239	102	4	4.23
505	101	8	20.92
123	688	8	60.32
3967	109	5	51.2
2861	101	3	12.57
272	102	5	8.6
159	512	3	18.05
118	308	3	10.05
118	161	3	3.9
105	495	3	7.9
156	173	13	75.75
156	304	4	21.7
2681	731	3	41.81
1421	127	4	31.02
2400	103	4	25.28
1098	276	3	28.73
1071	886	3	36.11
200	101	9	6.68
131	205	7	30.81
349	151	3	15.45
107	519	8	41.27
1157	101	3	6.81
1160	591	5	63.24
101	1042	4	10.46
1859	4086	3	52.82
2107	1228	3	43.31
304	105	5	13.32
555	13	3	21.02
641	111	3	12.65
2662	593	3	40.54
103	232	4	4.65
453	12	6	12.5
107	150	6	7.37
540	191	6	50.53
234	116	30	213.69
132	666	3	16.87
108	1066	3	13.45
1708	1280	4	58.04
175	306	5	31.89
959	101	3	5.64
102	154	17	34.92
524	224	11	112.97
3867	9	3	22.79
8	828	3	11.67
627	110	3	11.99
672	182	11	111.73
113	382	7	37.43
107	342	3	7.34
788	140	4	27.51
1325	101	3	7.54
266	101	21	63.96
1181	198	4	37.06
165	254	3	13.72
5787	689	3	51.14
1374	1461	5	74.56
2075	2897	3	48.43
493	173	3	18.84
167	178	4	15.86
251	171	5	28.43
528	173	9	79.02
395	127	8	52.48
279	107	4	9.49
954	956	3	35.76
9	101	66	47.25
1539	460	4	49.05
847	118	5	31.97
12	741	16	84.79
101	1169	4	11.36
2083	123	3	22.93
150	462	7	52.29
294	1121	9	113.03
427	1611	4	48.27
17	145	3	11.21
1155	103	4	18.02
722	129	3	17.15
12	57	7	6.41
688	445	3	29.39
250	395	5	41.37
422	106	5	17.25
874	123	5	34.55
149	1688	4	35.93
349	893	3	29.52
742	759	4	46.34
107	779	8	48.4
121	224	66	613.84
103	609	3	7.92
2175	12	4	18.05
285	1751	4	46.11
939	12	3	6.25
574	105	3	8.67
1308	431	3	33.3
7	397	6	24.66
105	287	4	8.39
2	808	4	19.55
2486	1167	4	61.67
3197	146	3	30.01
759	480	8	99.41
790	106	5	23.29
116	5641	3	33.3
547	750	4	44.12
12	587	3	3.92
653	977	4	47.74
1152	934	3	37.14
1993	12	3	10.74
115	311	3	9.82
183	2734	3	31.41
1947	103	3	15.15
136	3296	4	41.55
717	119	9	67.08
128	383	4	20.5
477	101	5	8.02
3342	109	3	22.43
217	320	3	19.1
128	134	10	32.67
3968	109	5	51.2
311	256	4	29.59
110	442	3	10.07
216	3686	3	35.9
702	120	4	22.38
741	105	5	21.88
107	1825	3	17.02
156	140	3	6.29
174	680	3	20.71
114	6597	3	33.14
329	124	4	18.68
998	12	3	6.52
101	1122	3	6.48
1971	9	4	25.96
308	112	4	14.27
523	106	6	25.29
594	4154	4	66.93
256	125	3	9.93
140	228	4	15.84
107	6037	3	29.8
796	2521	8	140.97
1052	108	5	27.98
447	9	4	13.29
103	583	9	43.52
108	702	6	30.84
113	1459	3	18.51
306	165	3	15.57
235	221	4	23.59
107	179	4	4.46
131	363	6	35.32
136	1448	4	32.47
366	117	3	11.09
822	12	3	5.53
121	776	13	112.82
103	212	11	29.34
145	156	3	6.83
12	892	3	5.99
413	717	3	29.21
109	1138	3	15.03
170	300	3	15.61
513	112	4	18.02
401	148	6	41
719	102	5	18.6
969	194	4	35.35
1773	57	3	30.38
1331	108	3	14.96
137	142	4	8.6
1486	109	5	33.05
724	186	3	22.26
131	159	28	175.75
421	121	3	12.19
1479	275	3	30.32
528	139	9	70.32
12	719	8	28.43
648	110	3	12.19
286	178	3	15.67
102	415	6	18.34
2890	9	3	19.99
3164	105	3	20.15
323	183	4	25.79
2156	255	3	32.73
496	103	13	68.92
596	210	3	22.25
760	102	3	8.33
262	132	3	10.55
8	2581	3	19.94
113	416	4	17.3
2886	109	3	21.2
1746	240	5	56.54
663	1514	4	51.99
578	286	4	35.93
140	1267	5	41.95
137	391	3	14.62
617	1838	3	37.41
187	103	20	68.53
294	274	5	39.39
144	865	7	59.72
230	112	12	56.69
477	548	3	28.29
1499	106	3	14.9
515	116	4	19.32
1109	732	4	49.59
305	104	4	7.88
1013	123	4	26.89
926	268	7	77.76
660	153	6	47.15
151	861	4	30.09
1502	443	3	34.41
3070	500	3	40.74
374	215	10	92.83
123	2572	4	35.75
105	511	3	8.04
287	594	8	85.24
1921	109	8	69.09
119	2374	3	23.19
738	700	4	45.7
2847	119	4	35.45
147	157	5	17.11
4208	177	4	53.5
147	207	4	16.39
6655	109	3	30.71
125	145	4	7.55
1253	495	5	62.16
162	133	3	5.98
101	482	5	8.23
2254	475	3	37.29
184	2293	3	29.56
128	164	3	5.98
172	262	4	21.26
1193	110	4	23.46
109	728	3	12.16
101	589	10	33.8
246	240	4	25.44
102	4434	3	21.88
2541	116	3	22.76
102	2183	4	22.9
523	136	4	23.97
583	869	3	32.3
272	12	6	6.31
1279	745	4	50.67
2467	558	7	110.9
102	761	3	8.33
491	101	4	5.27
1060	121	3	17.48
256	982	5	51.4
7	524	4	15.09
1289	426	3	32.73
328	112	3	9.54
2477	272	3	34.2
540	700	3	30.5
171	2538	3	29.29
187	148	3	9.69
12	1328	3	8.18
133	1357	4	30.71
136	1494	4	33.17
202	802	8	81.02
1496	12	5	20.77
217	989	6	61
1062	101	3	6.18
133	1867	3	23.18
496	148	4	25.46
12	866	6	19.66
435	104	3	6.37
117	205	22	130.83
595	1091	3	33.89
410	127	7	44.53
2270	108	7	60.07
317	105	3	5.69
541	12	4	6.55
119	178	7	22.29
262	183	6	38.98
2	549	3	10.61
102	404	3	5.13
1385	109	11	95.36
4640	107	3	25.31
124	1668	3	21.96
941	101	3	5.64
352	1200	4	44.41
109	144	5	5.02
1388	202	4	38.27
2319	107	7	63.54
12	1893	5	22.85
1904	2	3	17.91
764	111	3	13.71
114	1637	3	19.72
114	1689	3	19.72
854	103	16	117.16
4116	108	3	25.32
451	286	5	45.11
113	2621	5	46.6
123	793	5	33.62
146	193	3	9.99
400	167	4	25.65
246	101	7	6.09
101	1213	3	7.16
191	119	12	54.88
866	101	6	18.33
3684	202	3	34.98
210	125	4	13.01
932	5820	3	52.98
950	120	4	24.85
2905	1390	3	46.88
6529	1483	3	55.66
103	729	4	14.13
103	625	11	59.11
132	101	116	434.17
640	161	3	19.48
1253	144	3	22.24
268	107	28	175.98
1148	1139	3	38.52
123	2335	3	24.55
605	109	15	108.51
12	352	5	6.84
124	329	3	12.3
2870	12	3	13.26
472	2163	3	37.29
149	475	11	93.5
1875	823	5	72.18
1427	107	3	15.4
103	121	10	3.91
123	1250	5	38.72
255	285	4	28.25
123	1130	6	47.41
250	634	3	24.29
614	2611	3	40.74
167	110	10	29.23
167	162	7	32.86
116	182	24	136.46
101	901	3	5.39
171	354	6	42.51
2816	7	3	20.49
102	517	3	6.38
4930	109	3	26.22
718	1518	4	52.61
170	383	3	17.43
9	16	5	10.52
123	186	7	26.77
179	104	23	81.31
12	673	4	8.07
3044	12	3	14.45
174	201	5	24.54
533	608	3	29.46
648	242	4	34.79
1017	2052	3	41.08
243	298	3	19.44
395	101	5	6.71
1451	101	5	18.76
269	8	3	5
6295	101	3	21.92
4317	101	3	17.47
2349	137	3	26.31
736	101	6	16.34
122	164	12	51.29
138	1051	8	72.99
569	3749	3	43.18
778	142	4	27.68
285	6520	3	45.35
4394	1631	3	52.21
3337	109	4	33.34
8	2594	7	68.74
367	444	3	25.78
175	261	3	14.29
2082	109	4	27.56
2	332	4	12.75
117	173	12	47.83
856	115	4	23.29
1501	618	3	36.25
1595	2460	5	84
294	3853	3	38.98
8	190	11	32.73
151	1001	4	31.32
730	4962	3	46.87
109	920	3	13.7
1548	202	4	39.61
3912	103	4	31.3
1791	333	3	33.93
575	110	3	11.44
207	171	11	73.23
809	12	3	5.53
115	369	3	10.96
196	169	4	17.54
183	159	4	15.69
1249	106	8	54.74
525	924	4	45.52
116	4555	3	28.81
102	931	5	21.27
297	106	9	34.76
114	2876	3	23.62
351	175	6	42.72
1379	202	4	38.27
17	190	6	37.51
12	265	6	5.88
12	316	5	5.99
141	1732	3	23.69
114	400	3	11.18
542	110	5	23.67
671	9	3	10.59
210	142	15	97.33
1487	109	4	24.32
515	104	3	7.3
184	711	3	21.99
827	1452	3	37.58
249	249	43	528.16
397	12	4	4.82
108	450	3	8.73
378	103	9	35.8
233	3089	3	34.95
1238	357	3	31.83
527	110	5	23.39
1375	210	4	39.06
312	120	12	75.58
667	112	6	35.59
1386	123	5	39.49
2043	119	5	42.42
297	119	5	21.27
110	1150	3	15.71
12	135	16	8.83
805	118	3	15.61
115	1325	4	27.09
101	1115	6	21.56
7	166	9	20.44
294	394	3	23.31
115	420	4	17.72
180	4067	4	54
685	158	6	48.46
142	108	13	28.35
147	141	9	36.94
1023	492	3	32.49
412	476	3	26.59
101	859	3	5.16
1652	106	3	15.44
167	128	4	10.3
359	458	3	25.8
122	57	3	8.48
840	105	3	10.96
192	13	3	12.92
197	565	3	21.38
109	187	5	9.49
1577	538	5	65.57
286	110	8	34.47
2963	12	4	22.63
101	3425	3	15.29
405	255	5	41.95
118	780	14	122.62
1072	109	10	76.27
689	106	6	28.85
1208	123	3	19.34
340	104	6	17.96
644	119	3	14.23
700	107	4	17.1
1586	119	7	60.88
2	151	5	6
1290	109	10	81.36
189	110	8	23.66
117	176	7	20.93
180	687	5	41.31
358	434	3	25.39
105	3191	3	20.15
12	1669	5	21.75
2221	229	5	59.34
197	236	3	14.91
1067	104	5	24.09
161	168	5	20.06
107	285	4	9.89
103	104	431	2351.73
102	1414	3	12.08
366	135	3	14.06
863	744	5	61.95
248	4715	3	39.34
175	1495	3	25.95
410	143	4	22.72
121	5354	3	33.94
119	110	11	15.3
105	733	3	10
155	201	3	10.4
352	101	12	33.15
380	141	4	22.03
117	139	34	175.72
215	112	13	61.1
145	102	12	15.01
363	106	10	46.2
1922	123	3	22.26
140	128	3	4.09
612	101	8	23.73
3977	109	3	24
348	105	3	6.14
313	122	3	11.27
689	149	3	19.38
1705	108	3	16.43
223	110	8	27.82
1191	103	3	11.67
199	1039	5	47.64
256	274	11	100.26
377	169	4	25.4
2307	123	3	23.68
122	134	4	5.49
967	870	9	132.53
444	102	6	18.88
3228	107	3	21.52
4486	119	3	29.25
187	449	3	19.55
172	131	8	32.02
1629	738	10	163.54
217	239	4	23.84
12	295	7	10.74
297	136	3	12.73
118	228	3	7.06
491	112	3	11.63
4534	106	3	24.3
2571	109	3	20.18
152	115	6	13.22
124	154	7	21.86
102	641	3	7.34
1813	454	4	50.47
416	2682	3	38.61
681	9	7	37.12
3746	12	4	25.22
1458	1529	3	41.62
284	203	4	25.24
187	132	6	22.99
1485	123	4	30.12
418	244	3	21.78
172	136	9	40.66
147	113	20	87.05
142	150	18	99.57
196	132	9	43.28
1700	1809	5	80.45
504	118	3	12.81
5374	134	3	36.35
294	494	6	58.24
225	428	6	50.87
925	272	5	51.72
361	437	3	25.51
570	102	3	6.83
1045	119	7	53.86
3352	136	4	41.55
133	154	50	373.45
124	572	3	15.28
297	131	3	11.9
228	149	3	11.46
118	230	4	11.64
102	841	4	14.36
1151	101	3	6.81
156	376	3	16.14
2068	101	3	10.07
605	123	13	108.31
150	153	4	11.94
433	102	5	13.74
137	2280	3	25.44
107	777	7	40.16
165	2187	3	28.08
277	282	3	20.07
180	3408	4	49
620	101	4	6.58
2867	101	3	12.57
121	807	5	32.16
3969	109	3	24
5714	214	3	42.41
478	101	23	114.5
663	2941	3	42.6
102	200	23	83.61
164	117	6	15.08
275	162	5	28.59
2109	12	3	11.45
1352	103	3	12.46
113	199	12	52.98
649	345	3	27.55
160	112	4	5.73
102	587	3	6.99
1161	118	4	26.28
411	116	3	11.46
1202	3294	5	85.9
1024	104	3	11.18
624	105	4	14.27
1240	244	15	213.45
178	164	14	89.94
346	847	11	142.41
3423	547	3	43
1326	756	3	36.6
718	14	4	32.79
2437	2437	4	69.13
724	107	7	38.93
593	7	4	16.01
244	460	11	113.84
1227	118	3	18.2
2	465	9	49.4
124	2200	5	46.7
136	476	3	15.57
456	106	19	125.1
815	2650	3	42.56
811	108	23	220.69
117	362	14	96.66
102	488	5	14.9
279	152	9	60.85
358	120	3	11.28
938	12	4	10.52
227	147	3	11.38
733	154	7	59.14
1156	103	3	11.67
282	104	3	3.85
303	102	7	18.53
2082	123	4	33.39
1244	104	5	26.06
118	3510	3	26.83
136	1502	5	44.2
193	694	5	42.9
148	229	22	175.56
121	854	9	71.24
951	9	4	19.13
107	685	4	17.1
115	237	10	47.2
187	120	3	5.74
251	979	3	27.22
494	12	7	17.6
403	139	3	14.89
5370	16	3	43.02
2245	1586	3	44.71
138	172	3	7.41
193	231	8	54.73
2342	6026	3	59.62
354	800	5	54.23
1627	518	5	66.3
383	199	3	19.31
2594	9	7	68.85
129	239	3	9.7
699	147	5	37.75
548	3021	3	41.42
389	12	21	94.01
2655	460	4	55.53
133	165	3	6.25
1182	132	3	20.26
562	118	3	13.3
174	2086	4	39.82
175	1730	4	38.06
301	178	4	23.94
1386	109	8	61.3
259	231	7	52.72
974	101	4	10.05
438	2012	10	163.3
1809	103	3	14.49
508	122	4	21.1
1984	1984	5	84.18
563	127	3	15.47
131	869	7	55.88
187	169	3	10.97
469	12	5	8.99
371	371	25	340.42
102	2028	3	14.31
1487	123	8	74.62
3097	116	3	25.01
500	323	5	48.18
940	101	3	5.64
193	7	20	88.61
102	1690	3	13.08
851	102	3	9.04
117	1768	3	20.6
172	106	34	157.52
153	293	3	14.21
263	282	7	57.89
3837	1196	4	67.75
3826	778	3	45.13
105	405	4	11.29
216	101	8	6.37
3221	132	3	27.73
118	254	4	12.98
133	283	5	23.96
1997	294	3	33.5
1072	123	7	57.04
1208	109	8	58.54
2	524	3	10.29
1817	7	3	17.21
405	193	3	19.21
118	663	3	14.44
9	13	30	154.26
101	2338	4	18.34
331	182	3	17.52
165	187	3	10.79
101	617	5	10.21
875	347	3	29.52
131	412	9	62.85
387	101	6	9.87
195	209	4	20.74
1048	112	3	16.03
255	138	3	11.32
123	1210	4	28.34
123	1294	4	28.89
8	681	3	10.54
123	447	11	80.22
259	694	3	25.28
496	169	4	27.29
134	133	5	10.3
485	277	4	34.11
410	190	5	37.15
1290	123	4	28.89
568	132	6	40.57
452	141	3	15.7
115	3409	3	26.58
109	1286	6	40.39
1922	109	6	46.34
2910	110	4	34.26
155	260	6	34.17
3630	108	3	23.1
154	124	3	4.89
1937	1937	4	64.39
595	3532	3	43.37
101	710	5	11.46
1760	106	3	16.02
1117	3616	3	47.26
850	101	10	42.27
2307	109	5	38.88
178	134	11	53.98
231	112	9	37.25
206	2332	3	31.47
7	703	3	11.26
2426	108	7	63.56
204	553	3	21.53
102	402	5	13.12
4799	202	3	37.21
706	4978	3	46.64
138	1664	6	57.46
2887	109	4	31.43
998	272	5	52.28
943	294	4	40.57
121	1265	15	162.62
780	110	5	27.55
745	127	3	17.07
9	735	7	38.24
637	196	3	21.96
118	160	18	81.56
172	149	5	19.2
138	391	4	22
2087	108	3	17.68
596	1839	3	37.21
163	1482	3	24.75
101	379	4	3.88
108	170	8	16.61
171	2198	4	40.82
125	101	113	390.93
407	104	3	6.13
101	336	5	5.65
289	607	3	25.45
1358	106	3	13.97
1337	101	3	7.54
107	775	8	47.66
1485	109	6	42.42
124	3707	4	42.22
509	104	3	7.16
962	153	4	31.39
332	120	4	16.72
1825	12	3	10.11
403	173	7	53.8
165	890	5	42.39
150	198	5	22.02
2571	123	3	24.55
114	165	3	3.92
2975	177	4	45.87
133	1668	3	22.58
558	4137	3	45.23
926	3182	3	44.67
428	103	4	10.34
164	105	10	19.67
1370	12	4	13.29
113	572	11	78.42
485	124	6	37.23
240	789	3	25.32
4166	106	3	24.3
2515	118	3	22.99
102	467	3	5.83
179	106	13	36.92
200	2	5	10.29
2439	12	4	19.27
206	2331	8	112.47
807	127	3	17.8
449	164	3	17.89
3007	315	3	38.07
675	12	3	4.55
8	5511	3	29.45
1623	1815	3	43.82
192	101	16	24.91
557	1862	3	36.84
162	121	11	41.28
629	101	5	10.5
108	163	15	46.22
315	186	7	52.85
881	882	5	64.74
153	128	5	13.18
3336	109	4	33.34
343	176	3	16.99
2977	12	3	14.45
102	1027	9	53.05
102	975	3	9.87
2528	177	5	56.33
2083	109	7	59.51
445	144	5	31.99
831	216	3	24.84
302	16	4	27.44
241	623	4	34.15
114	168	4	7.24
224	128	6	26.03
114	299	4	14.63
242	103	33	180.32
385	131	3	13.77
631	1060	3	33.93
406	129	4	20.69
146	525	3	17.61
166	176	5	21.26
12	1111	3	7.11
607	690	3	31.04
1311	12	3	8.18
137	1051	5	39.65
874	109	8	52.4
131	1086	5	38.82
257	257	13	120.74
114	147	4	5.79
149	899	10	97.94
1518	1054	4	55.7
12	397	10	28.53
58	1089	3	30.08
1270	1270	6	89.76
1766	132	5	44.95
277	1340	3	30.02
248	3345	3	35.52
430	14	13	127.6
191	196	19	156.22
1770	142	3	24.32
1112	103	3	11.32
196	103	12	31.24
129	1316	4	30.5
217	202	3	14.33
1425	132	3	21.54
116	266	10	51.15
362	102	3	4.73
1033	101	6	20.82
123	1400	3	20.62
137	129	4	7.13
165	228	14	103.08
109	307	6	22.69
1447	350	3	32.61
117	346	4	16.45
6179	12	3	22.63
648	12	3	4.38
179	149	7	32.57
530	12	4	6.37
149	194	23	173.76
107	1177	3	14.15
256	494	4	33.3
188	1225	3	25.67
2875	104	4	27.06
534	104	10	49.44
136	312	28	262.65
323	120	7	36.99
170	115	3	4.21
1286	120	3	18.53
218	113	3	6.32
123	1295	5	38.72
732	103	10	55.53
345	12	19	75.01
662	599	3	30.82
165	375	3	17.08
216	1631	3	29.14
675	471	4	41.84
179	136	8	35.48
205	105	4	4.66
12	641	3	4.22
1391	353	3	32.15
118	782	7	48.8
160	142	3	6.74
6496	107	3	29.8
2570	109	5	40.65
295	101	6	6.64
1486	123	5	40.33
101	1068	3	6.18
1066	1359	5	70.91
521	112	4	18.24
449	134	8	56.32
544	9	4	14.68
4807	409	3	43.53
148	293	3	14.06
148	126	91	805.47
118	1665	3	20.11
251	406	3	21.85
3987	3863	3	56.75
972	107	4	19.94
5646	106	3	28.78
349	476	3	25.6
107	184	4	5.09
201	358	3	18.82
946	2051	8	133.61
2886	123	3	25.57
4898	107	4	39.73
3758	1323	4	68.91
568	103	3	7.59
248	1237	6	66.71
102	222	5	5.93
114	138	4	4.45
224	162	4	18.45
830	641	4	45.85
2	657	5	24.45
558	966	15	232.46
3976	109	3	24
1013	109	10	74.85
426	144	3	15.75
12	448	4	5.53
278	247	3	18.74
110	275	4	11.21
783	105	4	16.28
1034	140	3	20.54
2266	111	4	30.48
240	1583	7	84.19
1203	110	8	60.38
534	1755	5	67.74
153	162	5	18.33
116	654	17	148.23
226	738	11	121.71
1815	106	5	32.92
745	101	4	7.78
2539	116	3	22.76
1278	152	4	33.37
2528	258	3	33.74
191	262	4	23.21
755	538	4	43.88
190	162	21	158.1
1699	119	3	20.31
2174	200	3	30.22
136	962	3	20.04
226	784	18	230.51
108	285	3	5.9
107	962	3	13.13
311	12	5	5.74
12	1569	3	9.05
206	1187	11	132.87
365	120	8	46.41
1458	1228	3	40.22
1527	108	4	23.82
290	554	3	25.08
372	823	9	111.96
101	261	6	4.7
1812	107	7	55.19
509	116	9	58.64
563	101	6	13.29
1519	192	5	51.83
1267	104	3	12.25
848	312	4	40.54
150	148	31	220.72
677	101	4	7.27
1592	116	3	19.34
123	925	5	35.57
251	3412	4	53.86
12	551	6	14.55
110	1508	3	17.46
887	2660	3	43.12
357	115	3	10.74
969	2469	3	42.72
538	278	5	46.18
2	166	35	181.87
2145	154	4	39.01
507	353	3	26.19
944	119	12	106.56
1329	826	3	37.11
381	102	3	5.03
1908	179	3	27.49
148	141	3	6.19
4036	116	3	28.81
107	278	4	9.49
3831	943	3	46.25
3271	608	6	100.8
630	441	3	28.75
377	103	11	48.47
1265	120	5	36.68
764	12	4	8.88
782	103	5	20.77
1774	1835	3	44.43
386	163	5	33.55
871	194	10	107.34
123	107	60	270.76
12	805	3	5.53
200	189	22	186.71
121	3499	3	27.22
241	108	10	36.87
729	12	7	22.85
634	110	4	18.32
857	116	6	40.37
2139	101	3	10.78
101	1878	3	9.45
292	101	10	19.33
9	189	4	4.91
4545	108	3	25.32
102	468	4	9.85
481	182	4	28.49
12	676	6	16.77
1090	380	3	31.43
231	178	3	13.48
131	218	4	14.16
125	666	4	24.13
483	603	5	53.71
2278	107	5	37.36
1786	104	4	22.28
714	109	14	104.86
107	252	3	4.87
868	125	3	17.74
103	120	136	686.31
1635	138	3	23.54
631	475	3	29.05
102	315	9	29.63
296	105	16	79.5
275	125	8	43.62
175	243	4	20.63
1461	118	3	19.08
123	998	3	18.29
227	691	3	23.87
2301	123	3	23.68
139	161	3	6.74
584	393	3	27.68
287	287	5	39.92
2377	8	3	18.94
1839	132	4	33.67
175	604	9	81.61
7	452	5	19.84
776	169	4	31.06
132	12	55	131.08
307	122	3	11.17
2070	103	4	22.96
115	344	3	10.52
346	497	3	25.91
3975	109	5	51.2
264	102	4	5.11
121	235	4	12.42
1470	101	4	13
1361	12	3	8.18
2130	946	5	76.49
866	12	3	5.75
17	334	4	29.29
1961	8	4	25.89
190	16	7	45.17
1366	653	6	81.89
673	119	3	14.63
1609	1985	3	43.95
256	616	3	24.37
297	103	15	66.53
792	1267	3	36.42
670	456	3	29.32
147	260	4	19.24
1522	14	3	27.5
338	173	4	24.68
809	101	4	8.65
1292	109	6	40.39
114	1491	3	18.68
336	377	8	82.32
248	1034	3	27.28
515	120	3	13.29
508	116	11	76.77
155	668	3	19.33
2299	109	8	75.68
312	104	21	114.47
3496	101	3	15.29
232	345	12	116.51
134	135	4	7.3
2488	173	3	29.32
113	420	4	17.3
1639	229	3	29.48
1316	105	6	36.82
166	783	3	21.24
2895	109	3	21.2
266	130	3	10.67
698	616	3	31.24
109	238	3	5.02
141	382	4	22.19
108	1941	3	17.68
395	12	12	38.25
777	103	12	74.59
1866	138	3	24.14
7	742	3	11.48
3682	12	3	16
109	3822	3	24
1876	8	3	16.67
715	118	4	22.25
287	891	5	52.31
9	130	89	498.48
609	122	3	15.1
144	429	4	23.54
184	277	3	15.96
525	118	4	19.63
103	150	28	89.83
8	817	5	24.8
4692	1254	3	50.27
113	369	10	60.3
175	193	7	38.68
113	295	5	19.9
678	12	3	4.55
1136	944	5	67.58
58	130	7	40.74
358	118	5	23.35
1029	116	3	16.85
9	155	5	4.66
743	112	5	28.44
251	2954	3	35.79
148	480	4	25.25
116	3133	3	25.01
1259	107	13	113.86
1143	101	3	6.81
434	162	3	17.42
593	12	3	3.92
1652	103	4	21.18
288	285	3	20.65
1131	123	3	18.97
207	175	3	12.16
457	1720	3	35.1
2080	109	6	48.03
301	112	3	8.7
1727	106	3	15.44
105	594	4	14.03
7	8	44	94.5
170	1000	3	22.9
102	943	3	9.58
2073	12	3	10.74
351	171	3	16.93
6637	475	3	48.74
123	913	5	35.05
1627	404	4	48.68
8	2904	4	31.66
566	125	3	15.32
154	768	3	19.98
290	518	4	35.45
375	2	8	38.8
884	12	3	5.99
110	201	4	7.49
108	2741	3	20.3
110	127	6	5.95
277	344	6	52.66
378	149	4	23.62
188	878	3	23.6
7	1276	3	14.73
8	1486	4	22.66
912	123	9	75.76
4924	109	3	26.22
137	1005	5	39.06
157	250	3	12.63
254	462	4	32.78
459	101	5	7.81
660	119	9	64.82
133	517	3	15.38
1422	101	3	7.95
512	406	3	26.93
224	158	5	24.47
262	1011	14	184.38
191	167	5	23.65
497	215	14	148.95
6587	187	3	41.09
451	7	3	8.91
1906	104	4	22.28
694	172	5	40.33
133	314	4	18.94
637	153	4	27.6
1222	752	5	66.58
950	104	9	53.86
727	101	3	4.34
338	139	3	13.95
108	185	4	5.14
108	117	8	4.18
920	4645	3	48.48
1088	1357	3	38.98
101	472	5	8.02
153	158	10	48.71
415	990	3	31.27
153	324	3	15.18
516	103	3	7.12
141	416	4	22.72
101	905	4	9.31
890	107	7	42.24
202	1692	11	146.76
102	445	3	5.59
160	178	5	20.89
179	120	7	22.59
612	12	3	4.07
259	726	5	48.14
174	4942	3	35.44
352	12	8	17.48
2680	152	4	41.77
134	105	12	17.22
12	984	3	6.52
363	103	6	18.46
1559	110	3	17.46
149	555	15	144.93
300	231	3	18.86
101	769	17	91.2
238	129	3	9.52
230	726	5	46.05
965	178	3	23.5
148	142	4	10.31
105	230	6	12.8
105	288	3	4.83
1564	262	13	193.72
1911	106	3	16.02
1570	118	3	19.57
2856	118	4	35.19
828	109	12	89.85
5630	107	3	29.8
571	137	3	16.71
1387	109	10	83.42
101	156	33	65.95
422	103	19	111.82
113	1732	3	19.54
581	9	4	15.14
115	154	5	9.49
187	136	5	18.72
3294	4611	4	83.67
196	131	9	43.17
144	789	3	19.37
629	187	4	31.02
101	405	5	6.88
101	457	6	11.28
1383	9	3	14.66
260	115	3	8.04
3198	179	3	32.06
4773	101	3	17.47
297	132	3	11.93
780	112	9	64.95
1402	718	4	51.91
998	317	6	68.88
9	12	83	100.8
2	501	7	35.35
696	116	4	21.63
226	191	7	45.41
1254	112	3	17.14
411	183	4	27.55
2375	167	8	105.98
864	9	3	11.98
168	2375	3	29.12
266	12	22	74.09
1353	271	3	29.7
184	124	12	59.86
138	772	3	18.5
1291	123	4	28.89
5571	8	3	29.45
154	102	9	9.22
13	151	3	10.11
775	106	7	37.21
114	691	7	46.07
1237	174	5	46.76
229	134	11	63.56
1849	108	4	25.42
1356	12	3	8.18
102	199	6	7.17
12	1049	3	6.8
105	845	3	10.96
155	124	8	27.08
7	860	3	12.45
706	532	4	43.01
961	109	11	83.77
475	125	3	14.18
6653	109	3	30.71
1923	109	6	46.34
265	541	7	68.68
822	101	13	62.49
218	102	5	5.86
165	496	4	27.02
216	1752	3	29.75
464	108	3	8.87
131	362	9	60.82
546	131	3	15.68
521	178	3	19.62
2029	624	3	38.08
122	121	11	26.46
212	134	3	9.03
165	308	5	31.49
682	106	8	43.62
1497	106	4	22.48
117	361	5	23.37
2302	109	6	50.02
9	146	13	31.56
1009	4630	3	48.8
175	6539	3	39.97
105	1039	3	12.13
265	3871	3	37.74
228	169	7	41.67
243	742	3	24.96
1155	149	5	43.44
123	827	6	43.36
12	197	39	139.38
523	103	10	48.15
458	186	4	28.41
171	3655	3	33.14
102	2164	5	31.66
135	135	31	181.67
101	1331	4	12.4
4598	101	4	29.22
108	341	4	11.92
132	455	3	14.61
214	759	5	45.35
713	123	7	50.61
2888	109	4	31.43
916	132	3	18.9
105	1150	3	12.82
301	177	4	23.6
217	217	5	30.53
111	2	10	7.02
121	385	22	183.77
6740	3633	3	63.48
110	443	4	15.68
375	12	4	4.56
331	862	4	41.25
1476	103	6	35.49
361	128	11	78.73
1270	2848	3	45.2
132	130	24	118.48
101	7	34	4.43
236	135	4	15.66
684	478	5	55.5
113	945	3	15.89
347	235	5	39.06
118	456	10	66.08
8	302	6	19.76
704	858	4	47.09
242	131	3	9.93
385	103	36	273.65
702	104	11	63.43
153	125	12	50.13
12	3841	5	37.72
337	1020	4	43.09
122	676	3	15.71
101	4845	3	17.47
172	169	6	27.79
277	507	8	81.52
146	113	13	45.33
180	491	3	19.41
790	431	3	29.97
1155	136	3	21.09
1794	103	3	14.49
486	112	5	24.29
795	200	3	23.62
2	642	3	11.33
886	612	3	32.78
114	327	4	15.79
224	125	11	59.83
1123	101	3	6.48
698	12	3	4.73
592	12	9	30.36
110	143	18	59.43
187	106	26	116.29
2348	184	4	43.61
863	265	7	75.87
101	114	42	38.81
1323	1597	3	41.15
763	112	3	14.07
657	361	5	52.17
255	137	4	17.17
162	85	3	22.03
107	167	6	9.37
195	152	8	42.83
280	110	10	46.84
770	105	3	10.23
105	767	3	10.23
229	164	5	25.79
3435	108	3	23.1
136	167	21	130.18
114	761	3	14.73
775	136	4	26.95
8	734	3	10.96
12	912	4	10.15
363	132	4	20.24
314	603	7	74.64
140	245	4	16.86
101	948	3	5.64
107	350	8	35.15
285	261	5	37.9
611	1765	3	37.41
109	102	21	9.63
911	123	4	26.06
4923	109	3	26.22
192	241	3	15.04
3999	9	3	25.01
2024	110	3	19.26
160	110	15	52.22
530	255	4	33.65
102	401	4	8.85
2386	6627	3	59.62
413	1047	3	31.46
2628	228	3	33.41
110	1630	3	18
101	1727	4	14.37
439	101	4	4.66
2	121	21	49.31
1129	202	5	48.35
568	131	5	31.77
134	117	5	6.79
203	908	3	24.41
149	2725	5	55.62
946	3238	5	83.44
310	274	3	21
171	246	4	20.49
1979	858	3	40.18
894	226	4	36.41
1663	108	3	16.43
1625	106	4	23.24
1132	109	12	100.13
665	135	3	17.37
2403	272	6	80.8
101	709	7	20.76
1404	151	3	23.94
107	2552	3	19.28
118	1255	6	46.02
121	301	20	147.07
101	335	5	5.65
2718	110	3	21.89
1189	1189	7	105.89
191	1203	6	60.86
509	103	5	16.48
404	1849	4	49.53
1422	112	3	18.01
190	125	6	22.03
102	973	5	21.81
101	1149	3	6.81
102	2182	3	15.05
105	1120	3	12.46
108	105	37	55.84
1829	103	4	22.02
213	429	3	20.57
131	765	7	53.88
407	103	7	25.12
116	2418	3	22.76
171	863	3	22.1
325	153	3	15.18
859	101	3	5.16
391	773	5	54.38
