1482	1
154	2
2914	3
925	4
971	5
2356	6
263	7
3386	8
14	9
2156	10
2191	11
336	12
3901	13
322	14
2028	15
336	16
42	17
42	18
24	19
74	20
807	21
661	22
586	23
110	24
1387	25
46	26
4226	27
147	28
46	29
456	30
1096	31
3896	32
601	33
732	34
2071	35
1850	36
704	37
196	38
2032	39
174	40
37	41
1191	42
456	43
1695	44
1135	45
315	46
221	47
1792	48
687	49
69	50
1689	51
1321	52
845	53
1646	54
340	55
692	56
1579	57
2564	58
3847	59
1	60
183	61
51	62
1656	63
1316	64
3671	65
22	66
727	67
234	68
133	69
92	70
502	71
1345	72
98	73
1082	74
965	75
2009	76
236	77
533	78
1000	79
22	80
1425	81
231	82
1648	83
935	84
776	85
199	86
302	87
584	88
1	89
3894	90
4033	91
1042	92
2286	93
1168	94
2	95
2852	96
1252	97
821	98
959	99
963	100
429	101
131	102
511	103
2766	104
429	105
4257	106
2854	107
2366	108
3884	109
54	110
303	111
53	112
84	113
54	114
131	115
586	116
898	117
2581	118
183	119
131	120
2200	121
898	122
120	123
3207	124
84	125
54	126
12	127
113	128
545	129
841	130
185	131
183	132
12	133
302	134
290	135
2744	136
1249	137
1470	138
667	139
848	140
3744	141
477	142
1670	143
236	144
2511	145
263	146
791	147
499	148
408	149
1109	150
2758	151
423	152
2618	153
241	154
515	155
261	156
719	157
131	158
6	159
2101	160
719	161
848	162
425	163
1882	164
133	165
295	166
222	167
118	168
1453	169
3545	170
2800	171
425	172
515	173
3112	174
1765	175
261	176
9	177
559	178
544	179
3407	180
392	181
428	182
732	183
2367	184
1799	185
360	186
1146	187
800	188
9	189
212	190
544	191
392	192
756	193
355	194
2245	195
277	196
3334	197
3751	198
1260	199
243	200
596	201
2183	202
423	203
373	204
450	205
3224	206
3011	207
1012	208
1615	209
2811	210
145	211
1452	212
908	213
939	214
65	215
961	216
377	217
691	218
1689	219
923	220
363	221
133	222
650	223
1560	224
59	225
2102	226
157	227
548	228
1570	229
2679	230
1725	231
83	232
334	233
381	234
180	235
667	236
1269	237
571	238
857	239
2029	240
20	241
215	242
872	243
2975	244
3262	245
516	246
261	247
1528	248
857	249
754	250
1746	251
1123	252
1140	253
667	254
240	255
830	256
3937	257
2965	258
3743	259
1493	260
2108	261
189	262
615	263
298	264
547	265
297	266
1139	267
2148	268
1056	269
145	270
3065	271
1539	272
2483	273
797	274
552	275
273	276
116	277
1098	278
1795	279
786	280
298	281
1704	282
590	283
380	284
134	285
2130	286
2467	287
1385	288
3283	289
2371	290
540	291
1139	292
4053	293
341	294
841	295
373	296
1958	297
1954	298
617	299
951	300
392	301
2686	302
872	303
4	304
1067	305
273	306
128	307
1564	308
1849	309
1763	310
1152	311
3741	312
617	313
423	314
730	315
1994	316
90	317
2093	318
4115	319
1467	320
1270	321
617	322
1560	323
2130	324
4178	325
3454	326
1774	327
841	328
240	329
1432	330
3388	331
1935	332
473	333
243	334
3480	335
306	336
1755	337
287	338
238	339
484	340
90	341
2471	342
3667	343
1979	344
426	345
699	346
287	347
1716	348
1535	349
1577	350
107	351
916	352
2623	353
296	354
2994	355
2701	356
2283	357
273	358
985	359
1117	360
2621	361
1535	362
4	363
3703	364
1445	365
437	366
929	367
1955	368
2077	369
985	370
539	371
1927	372
1004	373
35	374
83	375
1299	376
11	377
529	378
1262	379
1634	380
2061	381
1505	382
948	383
3654	384
465	385
1586	386
2443	387
168	388
38	389
4009	390
327	391
2699	392
774	393
514	394
341	395
465	396
730	397
7	398
3651	399
100	400
1068	401
184	402
858	403
3510	404
438	405
748	406
519	407
1138	408
1655	409
3391	410
2116	411
3377	412
3792	413
279	414
2185	415
278	416
4222	417
1181	418
1181	419
3817	420
1046	421
563	422
482	423
686	424
875	425
1001	426
1712	427
942	428
1335	429
2677	430
808	431
3119	432
1326	433
1720	434
3438	435
1635	436
1639	437
2105	438
209	439
297	440
1798	441
1157	442
59	443
2393	444
2566	445
1132	446
1391	447
4021	448
2681	449
1290	450
1046	451
4	452
2116	453
468	454
581	455
2798	456
653	457
413	458
3405	459
1037	460
1953	461
1771	462
2719	463
386	464
1042	465
3213	466
2592	467
1436	468
3526	469
1259	470
2335	471
59	472
878	473
1176	474
1161	475
1076	476
1100	477
2494	478
794	479
1700	480
1797	481
686	482
83	483
413	484
62	485
546	486
1236	487
1034	488
301	489
421	490
3318	491
232	492
345	493
1264	494
920	495
2109	496
2475	497
11	498
1264	499
1577	500
184	501
237	502
1207	503
451	504
262	505
299	506
3802	507
1234	508
2516	509
2131	510
2980	511
12	512
420	513
537	514
500	515
1119	516
3803	517
1135	518
18	519
2429	520
3864	521
648	522
506	523
1485	524
1819	525
2051	526
288	527
647	528
3355	529
1761	530
1038	531
1446	532
314	533
2402	534
1090	535
838	536
1860	537
357	538
514	539
1006	540
3166	541
2628	542
2627	543
425	544
858	545
1157	546
370	547
3368	548
3861	549
541	550
1914	551
1143	552
308	553
2869	554
184	555
344	556
2897	557
2892	558
473	559
388	560
3286	561
1337	562
420	563
1669	564
1868	565
1078	566
1037	567
597	568
372	569
90	570
1470	571
2091	572
759	573
1540	574
745	575
2034	576
238	577
11	578
1949	579
67	580
1383	581
1737	582
1208	583
16	584
135	585
1364	586
2757	587
1079	588
187	589
1084	590
4109	591
970	592
223	593
30	594
1237	595
1762	596
386	597
651	598
582	599
97	600
1383	601
2392	602
83	603
204	604
293	605
576	606
609	607
384	608
1593	609
3404	610
2174	611
291	612
225	613
2011	614
4111	615
67	616
50	617
176	618
95	619
3722	620
947	621
2457	622
1063	623
3951	624
223	625
1370	626
1932	627
3066	628
216	629
123	630
1026	631
126	632
525	633
507	634
242	635
321	636
1449	637
3241	638
1141	639
1147	640
393	641
250	642
3015	643
178	644
3116	645
2870	646
97	647
1239	648
788	649
32	650
286	651
2153	652
1841	653
2045	654
4041	655
531	656
1035	657
1933	658
850	659
3489	660
548	661
2013	662
2282	663
1342	664
455	665
314	666
1499	667
241	668
3180	669
1816	670
496	671
1975	672
1812	673
3439	674
3927	675
3243	676
2090	677
252	678
13	679
383	680
1733	681
223	682
529	683
1066	684
3006	685
1959	686
280	687
242	688
3765	689
1604	690
2839	691
976	692
2776	693
21	694
2400	695
386	696
1894	697
1757	698
1706	699
3371	700
345	701
3453	702
1549	703
470	704
29	705
881	706
704	707
2084	708
3957	709
1035	710
2433	711
531	712
277	713
1396	714
2220	715
154	716
3923	717
952	718
1061	719
2073	720
1757	721
1330	722
2562	723
1078	724
299	725
2360	726
1900	727
1371	728
2496	729
3159	730
2704	731
102	732
1460	733
1715	734
2220	735
1716	736
4019	737
99	738
602	739
2422	740
1020	741
3312	742
97	743
1018	744
1726	745
1893	746
1643	747
647	748
3767	749
920	750
1067	751
503	752
209	753
2545	754
1392	755
3260	756
1812	757
2016	758
888	759
1116	760
3607	761
3988	762
591	763
3505	764
1598	765
3986	766
574	767
2162	768
183	769
13	770
2684	771
326	772
13	773
128	774
111	775
115	776
87	777
2713	778
32	779
1273	780
3738	781
1785	782
1065	783
89	784
400	785
1064	786
181	787
246	788
894	789
186	790
3295	791
3469	792
3999	793
3818	794
26	795
1462	796
2900	797
1004	798
2742	799
11	800
2491	801
1838	802
1851	803
1464	804
245	805
172	806
122	807
1338	808
220	809
943	810
3135	811
370	812
216	813
3630	814
932	815
1478	816
4220	817
818	818
4121	819
1706	820
1668	821
245	822
245	823
4236	824
181	825
416	826
2296	827
117	828
145	829
1358	830
1105	831
1484	832
130	833
2222	834
2655	835
818	836
491	837
111	838
2171	839
1405	840
2241	841
1013	842
2350	843
1358	844
913	845
32	846
887	847
2916	848
3704	849
6	850
6	851
62	852
3130	853
173	854
1442	855
87	856
1407	857
656	858
1148	859
292	860
154	861
128	862
886	863
18	864
3053	865
1555	866
1975	867
6	868
56	869
2733	870
2728	871
1205	872
3601	873
2492	874
4	875
4	876
1406	877
13	878
25	879
651	880
265	881
2518	882
642	883
18	884
329	885
1645	886
914	887
111	888
4248	889
14	890
2416	891
930	892
1994	893
4025	894
603	895
3018	896
2419	897
2620	898
619	899
3139	900
3794	901
906	902
628	903
1613	904
1300	905
7	906
130	907
49	908
925	909
631	910
2525	911
2668	912
10	913
2203	914
666	915
93	916
2738	917
2152	918
2907	919
3216	920
2059	921
3185	922
900	923
1189	924
2334	925
345	926
59	927
2072	928
4026	929
219	930
6	931
474	932
566	933
554	934
728	935
654	936
355	937
150	938
2124	939
2415	940
1759	941
2035	942
619	943
1458	944
1497	945
1677	946
1440	947
427	948
62	949
369	950
2351	951
677	952
225	953
107	954
590	955
1439	956
892	957
2069	958
453	959
3265	960
630	961
3433	962
3826	963
29	964
1729	965
250	966
2411	967
760	968
3205	969
866	970
3971	971
1132	972
4155	973
4074	974
358	975
3437	976
18	977
3431	978
4028	979
910	980
1031	981
550	982
36	983
352	984
1018	985
1315	986
2076	987
2010	988
176	989
153	990
1983	991
11	992
43	993
1016	994
4079	995
330	996
2468	997
151	998
195	999
3885	1000
3434	1001
144	1002
4291	1003
2125	1004
4126	1005
4036	1006
1909	1007
1055	1008
10	1009
903	1010
4123	1011
457	1012
2011	1013
4199	1014
1521	1015
56	1016
1112	1017
809	1018
2947	1019
2103	1020
269	1021
200	1022
1160	1023
981	1024
849	1025
383	1026
912	1027
1748	1028
406	1029
1525	1030
2942	1031
1921	1032
3463	1033
3090	1034
490	1035
1805	1036
163	1037
34	1038
641	1039
383	1040
102	1041
1919	1042
2550	1043
606	1044
699	1045
391	1046
680	1047
1927	1048
80	1049
1014	1050
359	1051
2055	1052
2113	1053
160	1054
1081	1055
776	1056
2117	1057
2207	1058
840	1059
1663	1060
1723	1061
1563	1062
3302	1063
294	1064
624	1065
454	1066
549	1067
258	1068
681	1069
101	1070
3827	1071
2349	1072
101	1073
1967	1074
161	1075
101	1076
205	1077
44	1078
8	1079
44	1080
1430	1081
974	1082
676	1083
30	1084
3934	1085
890	1086
3326	1087
157	1088
66	1089
4	1090
4	1091
29	1092
641	1093
2559	1094
185	1095
2088	1096
254	1097
1022	1098
4107	1099
1859	1100
4105	1101
1813	1102
402	1103
82	1104
1017	1105
34	1106
543	1107
357	1108
23	1109
95	1110
253	1111
313	1112
1195	1113
39	1114
4214	1115
79	1116
1043	1117
145	1118
191	1119
114	1120
69	1121
418	1122
342	1123
2144	1124
594	1125
266	1126
34	1127
3016	1128
242	1129
373	1130
377	1131
514	1132
1946	1133
1194	1134
418	1135
2085	1136
4	1137
618	1138
201	1139
552	1140
1968	1141
1227	1142
1520	1143
2	1144
2895	1145
46	1146
269	1147
131	1148
2167	1149
60	1150
2749	1151
2165	1152
781	1153
2199	1154
1867	1155
2399	1156
2048	1157
1903	1158
3795	1159
3954	1160
1722	1161
2022	1162
724	1163
271	1164
268	1165
288	1166
288	1167
2058	1168
3343	1169
439	1170
1989	1171
259	1172
2878	1173
675	1174
2958	1175
510	1176
417	1177
4241	1178
885	1179
672	1180
3358	1181
1303	1182
1127	1183
1989	1184
1186	1185
287	1186
73	1187
1719	1188
730	1189
3050	1190
1606	1191
2086	1192
1039	1193
2731	1194
510	1195
4254	1196
785	1197
3051	1198
1697	1199
409	1200
933	1201
88	1202
688	1203
721	1204
3145	1205
527	1206
473	1207
1139	1208
1328	1209
901	1210
1193	1211
616	1212
4071	1213
440	1214
2755	1215
211	1216
486	1217
2332	1218
3444	1219
907	1220
4227	1221
1592	1222
675	1223
1983	1224
328	1225
57	1226
842	1227
592	1228
75	1229
3272	1230
57	1231
289	1232
47	1233
697	1234
1185	1235
4180	1236
1697	1237
1824	1238
569	1239
2208	1240
2446	1241
2208	1242
2526	1243
2142	1244
1741	1245
1153	1246
969	1247
2221	1248
503	1249
191	1250
1551	1251
2204	1252
4124	1253
1581	1254
1857	1255
927	1256
46	1257
3918	1258
415	1259
351	1260
1223	1261
943	1262
47	1263
880	1264
836	1265
296	1266
728	1267
2127	1268
726	1269
159	1270
1924	1271
3227	1272
20	1273
3544	1274
3897	1275
2301	1276
1591	1277
524	1278
414	1279
1896	1280
38	1281
2109	1282
77	1283
2	1284
10	1285
902	1286
46	1287
1091	1288
1376	1289
510	1290
820	1291
10	1292
834	1293
1982	1294
3574	1295
807	1296
210	1297
556	1298
553	1299
391	1300
2447	1301
4296	1302
3731	1303
130	1304
2143	1305
1124	1306
1313	1307
2810	1308
2179	1309
94	1310
486	1311
203	1312
3996	1313
102	1314
254	1315
2186	1316
1053	1317
1053	1318
2262	1319
2808	1320
585	1321
763	1322
153	1323
2507	1324
3308	1325
3084	1326
7	1327
2	1328
424	1329
497	1330
71	1331
1571	1332
2634	1333
4	1334
218	1335
430	1336
153	1337
2432	1338
2065	1339
3325	1340
19	1341
1008	1342
1943	1343
2112	1344
1137	1345
2470	1346
548	1347
1723	1348
562	1349
854	1350
1973	1351
40	1352
559	1353
226	1354
1506	1355
689	1356
422	1357
474	1358
520	1359
3457	1360
627	1361
270	1362
18	1363
1653	1364
911	1365
1811	1366
834	1367
1316	1368
55	1369
3748	1370
452	1371
1959	1372
3494	1373
1518	1374
673	1375
1828	1376
137	1377
298	1378
3259	1379
111	1380
2845	1381
100	1382
3465	1383
78	1384
407	1385
289	1386
3282	1387
395	1388
175	1389
204	1390
982	1391
101	1392
903	1393
2746	1394
4139	1395
1596	1396
289	1397
870	1398
1082	1399
3271	1400
38	1401
1426	1402
917	1403
868	1404
413	1405
1962	1406
1853	1407
535	1408
3948	1409
558	1410
1	1411
43	1412
59	1413
2930	1414
311	1415
3975	1416
458	1417
333	1418
4169	1419
2125	1420
350	1421
4	1422
2974	1423
644	1424
1348	1425
213	1426
234	1427
98	1428
1163	1429
831	1430
49	1431
34	1432
357	1433
2013	1434
48	1435
2896	1436
15	1437
3	1438
1	1439
82	1440
2022	1441
1175	1442
990	1443
744	1444
340	1445
105	1446
1175	1447
4224	1448
810	1449
332	1450
1949	1451
3913	1452
648	1453
2223	1454
1546	1455
564	1456
141	1457
1637	1458
70	1459
339	1460
851	1461
1309	1462
1545	1463
44	1464
824	1465
7	1466
1781	1467
1376	1468
172	1469
474	1470
1177	1471
7	1472
508	1473
850	1474
15	1475
2027	1476
104	1477
512	1478
216	1479
1313	1480
226	1481
870	1482
2445	1483
343	1484
737	1485
106	1486
1766	1487
2114	1488
1060	1489
149	1490
455	1491
202	1492
15	1493
63	1494
30	1495
1293	1496
2105	1497
888	1498
73	1499
3669	1500
1307	1501
1236	1502
1687	1503
3014	1504
165	1505
29	1506
300	1507
1119	1508
218	1509
126	1510
344	1511
13	1512
883	1513
3777	1514
1921	1515
3969	1516
858	1517
2219	1518
99	1519
915	1520
119	1521
33	1522
3708	1523
1003	1524
846	1525
1870	1526
36	1527
348	1528
903	1529
77	1530
97	1531
2720	1532
366	1533
552	1534
4223	1535
1	1536
511	1537
26	1538
69	1539
74	1540
7	1541
3642	1542
1521	1543
3878	1544
400	1545
1550	1546
335	1547
3432	1548
1636	1549
4	1550
4	1551
392	1552
2459	1553
736	1554
2030	1555
1758	1556
2664	1557
798	1558
2630	1559
3230	1560
756	1561
3266	1562
629	1563
327	1564
2255	1565
1908	1566
1195	1567
908	1568
3724	1569
834	1570
983	1571
703	1572
784	1573
2934	1574
4165	1575
1622	1576
2908	1577
1795	1578
637	1579
1106	1580
2435	1581
2473	1582
3024	1583
3022	1584
2846	1585
1834	1586
1731	1587
399	1588
483	1589
304	1590
2023	1591
3347	1592
151	1593
1371	1594
124	1595
387	1596
2027	1597
109	1598
3410	1599
1011	1600
618	1601
2010	1602
56	1603
303	1604
790	1605
2959	1606
480	1607
159	1608
2293	1609
2937	1610
3974	1611
602	1612
78	1613
781	1614
537	1615
2149	1616
1391	1617
3702	1618
2714	1619
234	1620
1275	1621
1696	1622
2837	1623
3622	1624
2096	1625
1534	1626
4110	1627
1741	1628
188	1629
2209	1630
3042	1631
108	1632
936	1633
2499	1634
60	1635
2259	1636
1823	1637
3863	1638
975	1639
119	1640
1341	1641
399	1642
467	1643
161	1644
1012	1645
3512	1646
607	1647
1788	1648
4038	1649
7	1650
558	1651
1938	1652
505	1653
964	1654
1156	1655
996	1656
116	1657
2184	1658
1156	1659
171	1660
962	1661
3723	1662
4146	1663
3133	1664
398	1665
398	1666
563	1667
323	1668
323	1669
761	1670
196	1671
492	1672
40	1673
1244	1674
1244	1675
24	1676
2553	1677
4205	1678
2414	1679
1172	1680
4122	1681
158	1682
507	1683
1943	1684
564	1685
1842	1686
509	1687
2062	1688
3700	1689
200	1690
667	1691
1155	1692
1055	1693
564	1694
142	1695
1708	1696
3027	1697
3664	1698
882	1699
1385	1700
1644	1701
671	1702
143	1703
1162	1704
203	1705
1202	1706
174	1707
972	1708
4210	1709
143	1710
234	1711
248	1712
143	1713
578	1714
144	1715
47	1716
174	1717
564	1718
4252	1719
2254	1720
1097	1721
430	1722
1252	1723
3962	1724
2877	1725
319	1726
1874	1727
304	1728
2281	1729
485	1730
3	1731
3	1732
2760	1733
1713	1734
301	1735
258	1736
3814	1737
1164	1738
193	1739
266	1740
959	1741
133	1742
93	1743
2867	1744
2587	1745
340	1746
339	1747
339	1748
4128	1749
129	1750
1100	1751
1872	1752
1618	1753
847	1754
164	1755
1	1756
1985	1757
954	1758
836	1759
331	1760
1108	1761
1834	1762
1283	1763
2988	1764
246	1765
1088	1766
14	1767
30	1768
30	1769
158	1770
2578	1771
902	1772
2761	1773
803	1774
991	1775
1079	1776
615	1777
1880	1778
288	1779
2369	1780
608	1781
1229	1782
36	1783
536	1784
571	1785
909	1786
284	1787
986	1788
946	1789
1101	1790
11	1791
2382	1792
2121	1793
796	1794
1831	1795
82	1796
3634	1797
635	1798
99	1799
355	1800
311	1801
1408	1802
2238	1803
1759	1804
1571	1805
3424	1806
874	1807
403	1808
608	1809
3394	1810
4193	1811
1290	1812
1920	1813
1041	1814
934	1815
664	1816
874	1817
561	1818
1	1819
24	1820
24	1821
24	1822
68	1823
41	1824
1133	1825
2765	1826
547	1827
1029	1828
49	1829
2294	1830
3275	1831
1475	1832
25	1833
703	1834
349	1835
4149	1836
366	1837
305	1838
1692	1839
1125	1840
337	1841
757	1842
2514	1843
1896	1844
3375	1845
1880	1846
49	1847
3103	1848
1912	1849
1133	1850
762	1851
2164	1852
1672	1853
64	1854
349	1855
282	1856
652	1857
3606	1858
406	1859
1322	1860
3665	1861
413	1862
2	1863
3174	1864
966	1865
4001	1866
2966	1867
479	1868
1017	1869
1702	1870
95	1871
4010	1872
2694	1873
494	1874
212	1875
9	1876
1463	1877
1498	1878
216	1879
4261	1880
362	1881
430	1882
685	1883
1988	1884
490	1885
631	1886
4136	1887
643	1888
1429	1889
579	1890
1386	1891
3354	1892
432	1893
2124	1894
3219	1895
521	1896
2440	1897
515	1898
769	1899
360	1900
2785	1901
495	1902
2885	1903
3504	1904
668	1905
2740	1906
63	1907
760	1908
3242	1909
1634	1910
3251	1911
3028	1912
647	1913
1110	1914
53	1915
280	1916
2100	1917
1732	1918
23	1919
1173	1920
256	1921
3004	1922
2149	1923
948	1924
2041	1925
23	1926
506	1927
1200	1928
3571	1929
3483	1930
3533	1931
241	1932
2423	1933
1789	1934
3311	1935
46	1936
73	1937
3924	1938
1779	1939
496	1940
4030	1941
1527	1942
42	1943
3111	1944
2519	1945
3252	1946
2569	1947
781	1948
484	1949
732	1950
66	1951
2875	1952
1977	1953
626	1954
591	1955
3382	1956
1058	1957
936	1958
773	1959
876	1960
1839	1961
3365	1962
980	1963
731	1964
947	1965
1246	1966
107	1967
3126	1968
1453	1969
4	1970
2158	1971
1681	1972
552	1973
140	1974
3774	1975
488	1976
317	1977
165	1978
2154	1979
123	1980
3306	1981
1494	1982
309	1983
538	1984
402	1985
3977	1986
476	1987
1446	1988
1323	1989
31	1990
383	1991
81	1992
1106	1993
31	1994
415	1995
304	1996
31	1997
9	1998
4059	1999
1124	2000
1394	2001
919	2002
3072	2003
2576	2004
287	2005
357	2006
228	2007
182	2008
1920	2009
3881	2010
487	2011
2061	2012
1547	2013
3021	2014
646	2015
3556	2016
565	2017
1320	2018
1143	2019
1083	2020
18	2021
2077	2022
16	2023
1262	2024
420	2025
3349	2026
1020	2027
925	2028
303	2029
1241	2030
942	2031
434	2032
3848	2033
196	2034
174	2035
215	2036
37	2037
227	2038
44	2039
915	2040
388	2041
178	2042
862	2043
2787	2044
2773	2045
1129	2046
2015	2047
1613	2048
1559	2049
103	2050
4020	2051
232	2052
2025	2053
2802	2054
1444	2055
1434	2056
34	2057
2504	2058
1835	2059
2698	2060
1159	2061
1218	2062
88	2063
1962	2064
1130	2065
66	2066
129	2067
980	2068
1589	2069
365	2070
39	2071
3122	2072
2449	2073
1400	2074
39	2075
329	2076
10	2077
81	2078
5	2079
207	2080
887	2081
657	2082
1415	2083
955	2084
122	2085
765	2086
1146	2087
55	2088
1123	2089
1333	2090
1684	2091
948	2092
1038	2093
2096	2094
125	2095
832	2096
2001	2097
308	2098
967	2099
816	2100
3645	2101
1978	2102
762	2103
737	2104
1733	2105
1113	2106
966	2107
138	2108
3515	2109
335	2110
54	2111
181	2112
130	2113
1482	2114
2888	2115
1514	2116
258	2117
2925	2118
91	2119
26	2120
152	2121
183	2122
2764	2123
3730	2124
345	2125
1946	2126
4163	2127
3314	2128
416	2129
4144	2130
645	2131
82	2132
1906	2133
3199	2134
1640	2135
926	2136
1134	2137
3017	2138
1319	2139
1027	2140
1024	2141
1018	2142
1636	2143
338	2144
1098	2145
566	2146
1019	2147
970	2148
1302	2149
4015	2150
888	2151
45	2152
3353	2153
1104	2154
118	2155
586	2156
412	2157
1639	2158
4057	2159
2976	2160
68	2161
1130	2162
2036	2163
68	2164
796	2165
2650	2166
3768	2167
344	2168
1685	2169
3461	2170
3523	2171
1196	2172
1846	2173
1405	2174
1580	2175
596	2176
741	2177
2397	2178
1121	2179
840	2180
3429	2181
265	2182
1135	2183
3151	2184
1502	2185
62	2186
2118	2187
1580	2188
1863	2189
3158	2190
1536	2191
4184	2192
34	2193
1	2194
199	2195
2147	2196
4	2197
1506	2198
649	2199
1114	2200
3636	2201
136	2202
1080	2203
512	2204
931	2205
2683	2206
979	2207
101	2208
251	2209
1081	2210
1048	2211
1283	2212
17	2213
68	2214
4011	2215
1230	2216
780	2217
3599	2218
1230	2219
64	2220
1489	2221
3393	2222
49	2223
3118	2224
1605	2225
4112	2226
361	2227
1947	2228
1947	2229
2769	2230
767	2231
4056	2232
69	2233
1858	2234
79	2235
158	2236
923	2237
2226	2238
2043	2239
1739	2240
1486	2241
1980	2242
2083	2243
14	2244
2583	2245
2865	2246
486	2247
1276	2248
126	2249
204	2250
204	2251
3532	2252
117	2253
577	2254
95	2255
1077	2256
912	2257
1087	2258
1993	2259
1412	2260
3143	2261
237	2262
2795	2263
283	2264
601	2265
283	2266
2917	2267
80	2268
3519	2269
1974	2270
823	2271
2772	2272
899	2273
2201	2274
687	2275
124	2276
1894	2277
170	2278
527	2279
692	2280
296	2281
684	2282
396	2283
792	2284
2391	2285
4137	2286
45	2287
2636	2288
105	2289
681	2290
2915	2291
3590	2292
1698	2293
2189	2294
1713	2295
48	2296
94	2297
4002	2298
778	2299
1592	2300
462	2301
1806	2302
397	2303
67	2304
2482	2305
3147	2306
2	2307
950	2308
55	2309
2196	2310
1129	2311
429	2312
2047	2313
25	2314
25	2315
25	2316
1287	2317
1225	2318
1576	2319
474	2320
64	2321
28	2322
28	2323
404	2324
310	2325
586	2326
99	2327
435	2328
3289	2329
3460	2330
734	2331
3560	2332
3012	2333
415	2334
15	2335
210	2336
3554	2337
2163	2338
975	2339
1597	2340
1588	2341
668	2342
402	2343
595	2344
541	2345
3635	2346
257	2347
1533	2348
1	2349
3888	2350
2778	2351
124	2352
168	2353
2353	2354
1163	2355
393	2356
8	2357
2779	2358
8	2359
987	2360
1416	2361
780	2362
55	2363
665	2364
217	2365
645	2366
454	2367
454	2368
1558	2369
533	2370
236	2371
1705	2372
94	2373
31	2374
521	2375
36	2376
2911	2377
2656	2378
254	2379
4142	2380
3825	2381
94	2382
147	2383
152	2384
1101	2385
611	2386
2644	2387
180	2388
283	2389
13	2390
49	2391
800	2392
2082	2393
411	2394
56	2395
1731	2396
551	2397
1057	2398
1836	2399
1437	2400
33	2401
1972	2402
517	2403
59	2404
1669	2405
2107	2406
285	2407
10	2408
1206	2409
4188	2410
1926	2411
58	2412
787	2413
58	2414
1128	2415
1781	2416
1563	2417
710	2418
484	2419
265	2420
3609	2421
3610	2422
1088	2423
274	2424
16	2425
637	2426
1182	2427
1855	2428
151	2429
941	2430
638	2431
41	2432
1292	2433
2158	2434
676	2435
1972	2436
1855	2437
109	2438
229	2439
62	2440
328	2441
69	2442
3026	2443
956	2444
551	2445
2122	2446
2215	2447
997	2448
38	2449
1414	2450
4076	2451
4167	2452
3692	2453
540	2454
3383	2455
1617	2456
764	2457
1331	2458
7	2459
441	2460
3964	2461
2249	2462
1359	2463
1474	2464
1693	2465
527	2466
1189	2467
3346	2468
2169	2469
2770	2470
142	2471
666	2472
3340	2473
3380	2474
224	2475
3373	2476
2625	2477
956	2478
3581	2479
3411	2480
1430	2481
668	2482
1202	2483
176	2484
42	2485
2218	2486
177	2487
526	2488
1699	2489
51	2490
612	2491
1121	2492
1909	2493
3342	2494
81	2495
70	2496
1050	2497
86	2498
86	2499
268	2500
240	2501
3109	2502
3727	2503
1843	2504
371	2505
346	2506
4073	2507
2601	2508
1675	2509
31	2510
743	2511
3078	2512
2	2513
528	2514
1566	2515
1260	2516
37	2517
695	2518
9	2519
687	2520
45	2521
383	2522
301	2523
4190	2524
3905	2525
3157	2526
101	2527
510	2528
138	2529
1276	2530
2243	2531
1743	2532
4289	2533
5	2534
1603	2535
1170	2536
3944	2537
1	2538
3749	2539
98	2540
4080	2541
254	2542
655	2543
3623	2544
3910	2545
66	2546
66	2547
329	2548
77	2549
2188	2550
802	2551
72	2552
72	2553
106	2554
106	2555
2981	2556
83	2557
247	2558
459	2559
1	2560
3379	2561
1608	2562
1277	2563
1495	2564
10	2565
801	2566
707	2567
72	2568
197	2569
343	2570
155	2571
1566	2572
1869	2573
1178	2574
912	2575
691	2576
672	2577
55	2578
691	2579
11	2580
473	2581
427	2582
271	2583
71	2584
3591	2585
60	2586
928	2587
22	2588
1695	2589
3310	2590
22	2591
14	2592
2882	2593
3892	2594
114	2595
1719	2596
369	2597
1997	2598
560	2599
2068	2600
4270	2601
2167	2602
3604	2603
3597	2604
2106	2605
1221	2606
18	2607
2	2608
849	2609
138	2610
321	2611
117	2612
195	2613
291	2614
3919	2615
957	2616
4116	2617
861	2618
413	2619
6	2620
18	2621
18	2622
3757	2623
286	2624
773	2625
112	2626
18	2627
4013	2628
16	2629
314	2630
581	2631
1146	2632
1075	2633
4263	2634
707	2635
22	2636
190	2637
618	2638
618	2639
2057	2640
2711	2641
4262	2642
986	2643
1007	2644
1609	2645
3363	2646
58	2647
958	2648
1899	2649
2962	2650
3993	2651
265	2652
146	2653
1788	2654
401	2655
664	2656
2721	2657
161	2658
12	2659
82	2660
281	2661
2570	2662
757	2663
76	2664
843	2665
275	2666
1138	2667
1612	2668
2807	2669
846	2670
79	2671
2092	2672
2626	2673
1200	2674
2933	2675
35	2676
1768	2677
198	2678
2936	2679
266	2680
1873	2681
530	2682
1352	2683
1352	2684
679	2685
76	2686
1232	2687
71	2688
93	2689
2205	2690
93	2691
695	2692
2957	2693
484	2694
279	2695
584	2696
1238	2697
126	2698
1421	2699
48	2700
477	2701
50	2702
50	2703
50	2704
50	2705
50	2706
1692	2707
1103	2708
3615	2709
1945	2710
1282	2711
3644	2712
3013	2713
348	2714
2588	2715
1764	2716
165	2717
3938	2718
3854	2719
1652	2720
3094	2721
783	2722
3837	2723
209	2724
3830	2725
2099	2726
43	2727
3841	2728
582	2729
1476	2730
2075	2731
531	2732
42	2733
695	2734
860	2735
1705	2736
902	2737
1419	2738
2739	2739
7	2740
557	2741
628	2742
599	2743
735	2744
420	2745
247	2746
498	2747
505	2748
2789	2749
2346	2750
640	2751
3824	2752
567	2753
1279	2754
1457	2755
2996	2756
271	2757
76	2758
19	2759
4274	2760
501	2761
2031	2762
911	2763
1487	2764
836	2765
2126	2766
4	2767
2175	2768
1033	2769
1930	2770
2967	2771
3772	2772
1990	2773
1532	2774
89	2775
1360	2776
483	2777
30	2778
1519	2779
2651	2780
977	2781
1028	2782
1717	2783
2408	2784
3513	2785
1065	2786
1440	2787
397	2788
3415	2789
2	2790
275	2791
1782	2792
2	2793
9	2794
82	2795
873	2796
3705	2797
150	2798
806	2799
84	2800
198	2801
1118	2802
2788	2803
3160	2804
1806	2805
3010	2806
208	2807
542	2808
714	2809
497	2810
3849	2811
73	2812
1876	2813
1996	2814
1182	2815
4250	2816
233	2817
661	2818
913	2819
2182	2820
532	2821
8	2822
8	2823
2142	2824
951	2825
670	2826
799	2827
136	2828
2204	2829
8	2830
1710	2831
3815	2832
1014	2833
131	2834
445	2835
3573	2836
406	2837
225	2838
910	2839
522	2840
219	2841
1332	2842
1900	2843
4280	2844
1683	2845
3223	2846
621	2847
512	2848
147	2849
2205	2850
1411	2851
604	2852
768	2853
170	2854
2104	2855
2894	2856
1153	2857
1149	2858
1136	2859
808	2860
1738	2861
240	2862
135	2863
1913	2864
2091	2865
54	2866
3387	2867
3184	2868
3662	2869
523	2870
311	2871
813	2872
2145	2873
2648	2874
51	2875
673	2876
248	2877
187	2878
46	2879
202	2880
3228	2881
1309	2882
466	2883
495	2884
776	2885
1544	2886
780	2887
461	2888
812	2889
812	2890
4273	2891
657	2892
2984	2893
640	2894
108	2895
2058	2896
1584	2897
2521	2898
83	2899
66	2900
578	2901
2672	2902
8	2903
3809	2904
140	2905
3956	2906
3641	2907
819	2908
2299	2909
353	2910
35	2911
1343	2912
191	2913
2358	2914
633	2915
603	2916
1698	2917
698	2918
1965	2919
1555	2920
2654	2921
64	2922
812	2923
439	2924
36	2925
5	2926
1525	2927
1789	2928
2302	2929
645	2930
645	2931
1398	2932
1625	2933
258	2934
3344	2935
91	2936
3208	2937
1686	2938
3617	2939
978	2940
164	2941
1228	2942
818	2943
2902	2944
2184	2945
176	2946
2355	2947
104	2948
79	2949
2	2950
633	2951
636	2952
793	2953
2006	2954
2835	2955
3603	2956
3338	2957
906	2958
2151	2959
839	2960
766	2961
36	2962
1267	2963
592	2964
678	2965
125	2966
125	2967
125	2968
1803	2969
19	2970
3127	2971
9	2972
711	2973
711	2974
146	2975
1291	2976
3	2977
2152	2978
844	2979
3067	2980
816	2981
76	2982
367	2983
1	2984
1832	2985
1201	2986
714	2987
1498	2988
38	2989
488	2990
300	2991
4135	2992
471	2993
2763	2994
1380	2995
1233	2996
25	2997
194	2998
1709	2999
318	3000
469	3001
391	3002
1448	3003
126	3004
595	3005
200	3006
1036	3007
1073	3008
39	3009
1729	3010
39	3011
57	3012
2503	3013
594	3014
3450	3015
579	3016
80	3017
2906	3018
1606	3019
936	3020
686	3021
414	3022
2	3023
2804	3024
583	3025
736	3026
1792	3027
194	3028
195	3029
2168	3030
2979	3031
105	3032
41	3033
1492	3034
213	3035
3979	3036
1280	3037
205	3038
3687	3039
433	3040
25	3041
1065	3042
10	3043
3656	3044
132	3045
267	3046
237	3047
478	3048
209	3049
363	3050
2039	3051
65	3052
2690	3053
1388	3054
449	3055
13	3056
1	3057
3422	3058
315	3059
1	3060
9	3061
1059	3062
3086	3063
3385	3064
238	3065
725	3066
207	3067
3235	3068
538	3069
11	3070
1936	3071
2113	3072
3	3073
9	3074
1661	3075
31	3076
238	3077
204	3078
249	3079
677	3080
165	3081
25	3082
590	3083
731	3084
253	3085
677	3086
595	3087
1848	3088
26	3089
1372	3090
1372	3091
200	3092
2469	3093
511	3094
3	3095
410	3096
1831	3097
26	3098
1219	3099
2438	3100
2407	3101
1730	3102
1131	3103
3876	3104
1830	3105
10	3106
666	3107
707	3108
3820	3109
3760	3110
909	3111
412	3112
1	3113
764	3114
166	3115
5	3116
585	3117
567	3118
389	3119
1454	3120
198	3121
3329	3122
188	3123
68	3124
40	3125
2155	3126
2956	3127
1479	3128
1006	3129
2527	3130
351	3131
225	3132
227	3133
2257	3134
41	3135
3498	3136
19	3137
754	3138
480	3139
1087	3140
600	3141
2425	3142
1678	3143
2144	3144
2531	3145
765	3146
348	3147
156	3148
2420	3149
1150	3150
2709	3151
85	3152
2004	3153
2233	3154
2436	3155
140	3156
20	3157
4055	3158
4104	3159
1903	3160
3902	3161
2555	3162
2926	3163
1491	3164
366	3165
1954	3166
4172	3167
3472	3168
850	3169
176	3170
13	3171
123	3172
316	3173
4	3174
3305	3175
798	3176
2079	3177
93	3178
455	3179
2857	3180
2	3181
2649	3182
78	3183
2666	3184
3989	3185
3920	3186
3277	3187
3484	3188
1859	3189
159	3190
2463	3191
2222	3192
95	3193
91	3194
3796	3195
3333	3196
3926	3197
553	3198
341	3199
264	3200
1567	3201
1081	3202
145	3203
630	3204
421	3205
3	3206
641	3207
215	3208
124	3209
1334	3210
438	3211
3452	3212
316	3213
824	3214
3482	3215
1473	3216
997	3217
734	3218
1176	3219
4276	3220
146	3221
227	3222
886	3223
1305	3224
322	3225
507	3226
28	3227
2166	3228
678	3229
3390	3230
385	3231
88	3232
3855	3233
2201	3234
1627	3235
2833	3236
1059	3237
1988	3238
1126	3239
219	3240
3900	3241
1787	3242
1423	3243
75	3244
3239	3245
1211	3246
1194	3247
82	3248
282	3249
65	3250
1539	3251
4231	3252
385	3253
681	3254
146	3255
128	3256
146	3257
4288	3258
1042	3259
581	3260
3246	3261
2456	3262
1516	3263
901	3264
1969	3265
1940	3266
1971	3267
580	3268
2049	3269
1516	3270
2000	3271
766	3272
3992	3273
1099	3274
2056	3275
1131	3276
1197	3277
4024	3278
1324	3279
867	3280
3728	3281
1562	3282
2860	3283
218	3284
210	3285
914	3286
178	3287
187	3288
106	3289
201	3290
3650	3291
472	3292
920	3293
1582	3294
486	3295
1734	3296
741	3297
417	3298
397	3299
646	3300
211	3301
609	3302
536	3303
4048	3304
822	3305
1149	3306
378	3307
3933	3308
2112	3309
1901	3310
849	3311
168	3312
1931	3313
2904	3314
1396	3315
1922	3316
376	3317
4097	3318
621	3319
2	3320
2	3321
2	3322
1621	3323
692	3324
746	3325
459	3326
459	3327
3939	3328
644	3329
619	3330
3234	3331
320	3332
2610	3333
2122	3334
843	3335
193	3336
688	3337
197	3338
2799	3339
1522	3340
557	3341
1441	3342
457	3343
105	3344
3970	3345
152	3346
547	3347
14	3348
6	3349
171	3350
2462	3351
1623	3352
65	3353
1321	3354
365	3355
3747	3356
784	3357
1177	3358
77	3359
973	3360
477	3361
3341	3362
34	3363
25	3364
1468	3365
69	3366
327	3367
2972	3368
249	3369
3745	3370
2794	3371
1980	3372
1934	3373
152	3374
3350	3375
234	3376
848	3377
1764	3378
4286	3379
339	3380
630	3381
3367	3382
684	3383
1576	3384
1403	3385
4113	3386
1174	3387
918	3388
3131	3389
148	3390
567	3391
201	3392
426	3393
1744	3394
917	3395
155	3396
259	3397
3812	3398
3712	3399
619	3400
178	3401
1774	3402
1455	3403
3115	3404
2082	3405
29	3406
675	3407
17	3408
32	3409
605	3410
656	3411
623	3412
187	3413
312	3414
3965	3415
1327	3416
572	3417
1	3418
316	3419
39	3420
1154	3421
326	3422
2268	3423
1127	3424
627	3425
1419	3426
3378	3427
2501	3428
1707	3429
530	3430
2600	3431
2388	3432
398	3433
2705	3434
37	3435
434	3436
972	3437
1362	3438
524	3439
290	3440
2	3441
685	3442
865	3443
221	3444
56	3445
2796	3446
3663	3447
3862	3448
3688	3449
893	3450
108	3451
1038	3452
401	3453
1438	3454
1088	3455
2221	3456
1838	3457
791	3458
827	3459
3789	3460
378	3461
4050	3462
176	3463
2567	3464
2234	3465
2528	3466
324	3467
729	3468
2605	3469
1257	3470
3043	3471
1489	3472
4247	3473
3912	3474
2230	3475
4100	3476
1857	3477
880	3478
964	3479
857	3480
12	3481
1060	3482
38	3483
502	3484
1369	3485
1824	3486
1680	3487
257	3488
230	3489
526	3490
1768	3491
556	3492
8	3493
33	3494
3124	3495
593	3496
438	3497
739	3498
775	3499
461	3500
584	3501
1370	3502
4153	3503
1265	3504
15	3505
2563	3506
255	3507
1116	3508
3	3509
136	3510
2	3511
798	3512
523	3513
412	3514
4213	3515
3293	3516
304	3517
1754	3518
747	3519
3616	3520
101	3521
1976	3522
2050	3523
3721	3524
2357	3525
163	3526
2004	3527
3584	3528
2146	3529
954	3530
163	3531
3300	3532
451	3533
33	3534
386	3535
1418	3536
206	3537
921	3538
921	3539
921	3540
110	3541
694	3542
494	3543
1274	3544
1315	3545
1742	3546
1742	3547
1966	3548
2801	3549
3451	3550
599	3551
2444	3552
1712	3553
263	3554
3070	3555
1970	3556
1630	3557
889	3558
725	3559
774	3560
3697	3561
2990	3562
629	3563
896	3564
896	3565
1852	3566
371	3567
382	3568
26	3569
76	3570
891	3571
3449	3572
273	3573
2750	3574
939	3575
513	3576
525	3577
2250	3578
28	3579
28	3580
25	3581
1187	3582
1888	3583
222	3584
222	3585
1832	3586
121	3587
1183	3588
320	3589
3500	3590
4148	3591
1395	3592
2693	3593
2071	3594
696	3595
689	3596
4088	3597
882	3598
1614	3599
3352	3600
440	3601
516	3602
3107	3603
170	3604
458	3605
601	3606
3357	3607
460	3608
502	3609
2448	3610
217	3611
325	3612
275	3613
141	3614
2120	3615
268	3616
1040	3617
38	3618
72	3619
410	3620
219	3621
7	3622
2120	3623
191	3624
407	3625
327	3626
616	3627
2406	3628
1853	3629
2079	3630
3093	3631
153	3632
1559	3633
3301	3634
235	3635
235	3636
662	3637
1	3638
693	3639
2546	3640
3670	3641
2194	3642
1123	3643
3869	3644
141	3645
4034	3646
862	3647
3904	3648
655	3649
177	3650
3192	3651
306	3652
4174	3653
2247	3654
5	3655
94	3656
1386	3657
1452	3658
293	3659
166	3660
3592	3661
1691	3662
58	3663
58	3664
3163	3665
1114	3666
3362	3667
2083	3668
1137	3669
1164	3670
2536	3671
1447	3672
3106	3673
1461	3674
95	3675
4191	3676
9	3677
1435	3678
1875	3679
58	3680
1232	3681
3190	3682
258	3683
2505	3684
27	3685
75	3686
788	3687
1031	3688
2949	3689
405	3690
1605	3691
3629	3692
152	3693
371	3694
1835	3695
121	3696
64	3697
2751	3698
906	3699
1991	3700
1427	3701
3038	3702
3137	3703
3799	3704
3307	3705
504	3706
349	3707
1169	3708
1071	3709
173	3710
815	3711
2020	3712
660	3713
3035	3714
1895	3715
51	3716
96	3717
1480	3718
1800	3719
2033	3720
1306	3721
319	3722
1891	3723
4264	3724
2207	3725
1451	3726
3201	3727
17	3728
23	3729
1198	3730
110	3731
900	3732
59	3733
62	3734
1841	3735
3756	3736
905	3737
1874	3738
1297	3739
57	3740
1688	3741
15	3742
44	3743
14	3744
723	3745
112	3746
15	3747
807	3748
905	3749
148	3750
505	3751
56	3752
1393	3753
200	3754
2556	3755
779	3756
982	3757
98	3758
539	3759
829	3760
150	3761
735	3762
2903	3763
26	3764
1411	3765
1854	3766
543	3767
959	3768
1071	3769
275	3770
643	3771
33	3772
15	3773
700	3774
1089	3775
2612	3776
2189	3777
805	3778
2354	3779
127	3780
670	3781
2209	3782
12	3783
895	3784
2310	3785
261	3786
2104	3787
153	3788
2111	3789
1647	3790
367	3791
1033	3792
371	3793
3955	3794
555	3795
1156	3796
153	3797
3044	3798
2735	3799
15	3800
162	3801
3788	3802
80	3803
35	3804
718	3805
891	3806
259	3807
92	3808
4069	3809
1699	3810
2331	3811
537	3812
965	3813
2328	3814
293	3815
612	3816
437	3817
434	3818
723	3819
1354	3820
2624	3821
1884	3822
346	3823
244	3824
3152	3825
400	3826
1142	3827
715	3828
231	3829
3397	3830
2156	3831
1126	3832
3427	3833
3002	3834
804	3835
808	3836
236	3837
24	3838
1075	3839
344	3840
1929	3841
48	3842
163	3843
221	3844
1441	3845
989	3846
1890	3847
995	3848
27	3849
1786	3850
444	3851
482	3852
1557	3853
521	3854
16	3855
342	3856
1325	3857
53	3858
52	3859
1408	3860
71	3861
1094	3862
2229	3863
2128	3864
370	3865
1124	3866
3320	3867
634	3868
84	3869
139	3870
5	3871
160	3872
391	3873
323	3874
46	3875
2098	3876
69	3877
1204	3878
243	3879
110	3880
1	3881
745	3882
81	3883
992	3884
1136	3885
390	3886
15	3887
1069	3888
1504	3889
137	3890
1678	3891
119	3892
1931	3893
193	3894
108	3895
232	3896
232	3897
232	3898
563	3899
523	3900
3231	3901
207	3902
669	3903
669	3904
669	3905
491	3906
522	3907
2251	3908
112	3909
4271	3910
1952	3911
3754	3912
1116	3913
31	3914
845	3915
287	3916
869	3917
1089	3918
284	3919
3	3920
220	3921
1772	3922
126	3923
2164	3924
313	3925
830	3926
184	3927
1995	3928
3186	3929
313	3930
671	3931
2003	3932
1387	3933
1443	3934
911	3935
358	3936
2047	3937
36	3938
1507	3939
1507	3940
1915	3941
374	3942
652	3943
1826	3944
14	3945
445	3946
517	3947
2732	3948
640	3949
534	3950
944	3951
1311	3952
3612	3953
260	3954
1319	3955
185	3956
1512	3957
445	3958
9	3959
828	3960
485	3961
1825	3962
1541	3963
427	3964
427	3965
606	3966
2515	3967
1241	3968
154	3969
3060	3970
179	3971
1004	3972
87	3973
786	3974
555	3975
155	3976
204	3977
137	3978
1721	3979
283	3980
190	3981
1025	3982
1721	3983
317	3984
376	3985
1987	3986
2803	3987
354	3988
492	3989
1514	3990
124	3991
2992	3992
2240	3993
2	3994
3891	3995
85	3996
331	3997
722	3998
722	3999
2706	4000
1030	4001
1073	4002
2048	4003
2180	4004
351	4005
406	4006
66	4007
227	4008
2480	4009
2212	4010
982	4011
328	4012
539	4013
1355	4014
1024	4015
87	4016
3322	4017
407	4018
44	4019
1643	4020
631	4021
1472	4022
674	4023
72	4024
14	4025
3555	4026
1105	4027
666	4028
127	4029
4237	4030
1783	4031
22	4032
476	4033
2775	4034
1714	4035
2236	4036
716	4037
1000	4038
162	4039
34	4040
290	4041
1524	4042
1503	4043
2532	4044
2793	4045
2853	4046
69	4047
4132	4048
1166	4049
3495	4050
1122	4051
1122	4052
2292	4053
756	4054
158	4055
2427	4056
481	4057
1939	4058
2064	4059
86	4060
3150	4061
1529	4062
1130	4063
1312	4064
260	4065
771	4066
1862	4067
1599	4068
826	4069
1886	4070
492	4071
110	4072
237	4073
3238	4074
230	4075
246	4076
2261	4077
1	4078
174	4079
2970	4080
1003	4081
137	4082
1007	4083
700	4084
1424	4085
585	4086
160	4087
2809	4088
1390	4089
1003	4090
4272	4091
229	4092
659	4093
2177	4094
184	4095
561	4096
463	4097
463	4098
611	4099
611	4100
1433	4101
2812	4102
16	4103
83	4104
137	4105
4176	4106
513	4107
94	4108
309	4109
336	4110
2227	4111
623	4112
303	4113
3146	4114
184	4115
4133	4116
2670	4117
329	4118
2945	4119
690	4120
1238	4121
27	4122
241	4123
1298	4124
8	4125
1543	4126
309	4127
3558	4128
790	4129
1653	4130
779	4131
988	4132
352	4133
181	4134
181	4135
72	4136
72	4137
3503	4138
2194	4139
551	4140
1809	4141
2608	4142
930	4143
2352	4144
3154	4145
397	4146
1782	4147
2136	4148
1595	4149
4284	4150
2891	4151
2997	4152
10	4153
177	4154
1251	4155
628	4156
2099	4157
4195	4158
249	4159
44	4160
1015	4161
489	4162
77	4163
272	4164
159	4165
96	4166
62	4167
51	4168
332	4169
53	4170
4138	4171
56	4172
802	4173
161	4174
2279	4175
171	4176
2616	4177
229	4178
3717	4179
257	4180
1193	4181
141	4182
44	4183
82	4184
92	4185
1583	4186
2187	4187
17	4188
919	4189
1048	4190
292	4191
358	4192
1186	4193
1185	4194
672	4195
636	4196
636	4197
1497	4198
1464	4199
3709	4200
150	4201
22	4202
2753	4203
1384	4204
1120	4205
151	4206
1373	4207
795	4208
1258	4209
347	4210
660	4211
34	4212
40	4213
2333	4214
1258	4215
3058	4216
10	4217
3296	4218
192	4219
464	4220
228	4221
2185	4222
3204	4223
3501	4224
464	4225
407	4226
226	4227
46	4228
932	4229
402	4230
1388	4231
1210	4232
27	4233
426	4234
1935	4235
3781	4236
1054	4237
188	4238
443	4239
3063	4240
1923	4241
3959	4242
208	4243
3399	4244
4108	4245
20	4246
3549	4247
246	4248
2817	4249
1149	4250
252	4251
3813	4252
1708	4253
62	4254
343	4255
1573	4256
424	4257
3488	4258
190	4259
928	4260
1461	4261
992	4262
99	4263
399	4264
2602	4265
657	4266
1984	4267
168	4268
465	4269
1259	4270
674	4271
4066	4272
1905	4273
860	4274
2544	4275
176	4276
2998	4277
136	4278
2337	4279
1763	4280
1022	4281
51	4282
2171	4283
357	4284
696	4285
1086	4286
1435	4287
1561	4288
827	4289
4171	4290
2747	4291
898	4292
1830	4293
772	4294
772	4295
772	4296
74	4297
1140	4298
1822	4299
4201	4300
395	4301
846	4302
2046	4303
57	4304
4228	4305
279	4306
3245	4307
1810	4308
4159	4309
492	4310
999	4311
1456	4312
1694	4313
2819	4314
12	4315
346	4316
346	4317
1253	4318
2828	4319
276	4320
372	4321
3566	4322
60	4323
4150	4324
4219	4325
119	4326
60	4327
2513	4328
3638	4329
398	4330
2820	4331
491	4332
87	4333
1082	4334
1407	4335
58	4336
387	4337
59	4338
4269	4339
1666	4340
253	4341
538	4342
3148	4343
1041	4344
723	4345
843	4346
1338	4347
3448	4348
852	4349
2138	4350
1628	4351
2264	4352
594	4353
92	4354
1102	4355
178	4356
1670	4357
742	4358
680	4359
1767	4360
4091	4361
390	4362
2316	4363
2287	4364
777	4365
96	4366
1044	4367
1378	4368
2059	4369
1141	4370
1905	4371
143	4372
172	4373
172	4374
4118	4375
1659	4376
5	4377
447	4378
264	4379
1573	4380
123	4381
2361	4382
2362	4383
2363	4384
2380	4385
2871	4386
3816	4387
4016	4388
2343	4389
2381	4390
2669	4391
88	4392
125	4393
3668	4394
1762	4395
4101	4396
943	4397
842	4398
3953	4399
264	4400
2615	4401
460	4402
18	4403
227	4404
967	4405
50	4406
540	4407
1908	4408
828	4409
1041	4410
4233	4411
8	4412
8	4413
8	4414
935	4415
1213	4416
112	4417
444	4418
99	4419
460	4420
1997	4421
3572	4422
1765	4423
1222	4424
1221	4425
3985	4426
1011	4427
3176	4428
3805	4429
65	4430
1147	4431
2777	4432
3683	4433
661	4434
389	4435
908	4436
52	4437
940	4438
738	4439
1846	4440
11	4441
2687	4442
3097	4443
543	4444
57	4445
57	4446
604	4447
147	4448
203	4449
2745	4450
3470	4451
3932	4452
999	4453
466	4454
3763	4455
1611	4456
528	4457
1926	4458
2025	4459
3822	4460
65	4461
303	4462
49	4463
620	4464
560	4465
409	4466
271	4467
1162	4468
1819	4469
1255	4470
1601	4471
3879	4472
1287	4473
649	4474
1151	4475
2150	4476
173	4477
538	4478
131	4479
325	4480
408	4481
1070	4482
4235	4483
4070	4484
63	4485
2176	4486
45	4487
115	4488
45	4489
501	4490
1658	4491
725	4492
1279	4493
663	4494
186	4495
3435	4496
549	4497
3082	4498
117	4499
1752	4500
777	4501
777	4502
993	4503
4003	4504
2826	4505
656	4506
1513	4507
246	4508
315	4509
90	4510
396	4511
220	4512
1413	4513
835	4514
323	4515
332	4516
332	4517
662	4518
2007	4519
3909	4520
70	4521
70	4522
659	4523
1104	4524
2474	4525
341	4526
1960	4527
318	4528
638	4529
1956	4530
3899	4531
2552	4532
2973	4533
1243	4534
1072	4535
1072	4536
1572	4537
1354	4538
321	4539
1096	4540
16	4541
16	4542
1443	4543
778	4544
1553	4545
1209	4546
1775	4547
825	4548
2580	4549
3755	4550
622	4551
250	4552
879	4553
252	4554
2115	4555
4058	4556
102	4557
680	4558
2224	4559
2073	4560
50	4561
598	4562
4068	4563
201	4564
3613	4565
1040	4566
1727	4567
1222	4568
1151	4569
1409	4570
314	4571
50	4572
2007	4573
1944	4574
18	4575
1953	4576
1032	4577
189	4578
442	4579
1940	4580
3232	4581
166	4582
26	4583
84	4584
197	4585
1076	4586
1444	4587
570	4588
658	4589
1899	4590
307	4591
86	4592
2069	4593
506	4594
962	4595
235	4596
811	4597
670	4598
2197	4599
26	4600
312	4601
90	4602
3128	4603
21	4604
467	4605
467	4606
285	4607
68	4608
2838	4609
1800	4610
75	4611
2607	4612
85	4613
84	4614
3220	4615
518	4616
2172	4617
525	4618
1619	4619
716	4620
1389	4621
2214	4622
1147	4623
1807	4624
41	4625
12	4626
2700	4627
172	4628
2421	4629
1829	4630
3474	4631
909	4632
1660	4633
132	4634
1187	4635
828	4636
251	4637
205	4638
793	4639
205	4640
344	4641
387	4642
1993	4643
600	4644
2057	4645
1317	4646
3101	4647
189	4648
1728	4649
138	4650
1037	4651
782	4652
2199	4653
736	4654
278	4655
155	4656
54	4657
3195	4658
1020	4659
11	4660
239	4661
2139	4662
3589	4663
2653	4664
514	4665
783	4666
2477	4667
1028	4668
143	4669
2117	4670
650	4671
1578	4672
2325	4673
4268	4674
3114	4675
14	4676
2359	4677
27	4678
2691	4679
57	4680
2595	4681
1545	4682
421	4683
2095	4684
1747	4685
2258	4686
987	4687
3169	4688
198	4689
363	4690
89	4691
1171	4692
955	4693
578	4694
107	4695
1140	4696
4093	4697
2843	4698
119	4699
1630	4700
3	4701
3005	4702
826	4703
53	4704
1727	4705
110	4706
347	4707
1	4708
368	4709
2466	4710
3	4711
252	4712
26	4713
1724	4714
32	4715
733	4716
66	4717
626	4718
14	4719
1224	4720
1744	4721
1879	4722
4202	4723
1429	4724
387	4725
267	4726
1265	4727
1160	4728
381	4729
198	4730
2827	4731
592	4732
3298	4733
305	4734
249	4735
710	4736
33	4737
42	4738
1092	4739
74	4740
1755	4741
160	4742
1142	4743
2160	4744
53	4745
2	4746
3303	4747
1455	4748
27	4749
519	4750
1426	4751
2277	4752
384	4753
3550	4754
3319	4755
1596	4756
21	4757
126	4758
84	4759
627	4760
346	4761
542	4762
3337	4763
376	4764
390	4765
3866	4766
186	4767
342	4768
342	4769
417	4770
1061	4771
74	4772
2026	4773
5	4774
1650	4775
243	4776
1749	4777
961	4778
111	4779
111	4780
1225	4781
2510	4782
77	4783
2790	4784
2086	4785
55	4786
851	4787
83	4788
2188	4789
230	4790
646	4791
1761	4792
1581	4793
648	4794
1456	4795
1403	4796
734	4797
1977	4798
821	4799
151	4800
142	4801
66	4802
66	4803
2016	4804
742	4805
962	4806
3587	4807
108	4808
290	4809
430	4810
742	4811
996	4812
3421	4813
2856	4814
3481	4815
1780	4816
2256	4817
26	4818
1510	4819
2685	4820
1888	4821
445	4822
2137	4823
3583	4824
875	4825
1413	4826
1164	4827
97	4828
1722	4829
753	4830
3596	4831
27	4832
3543	4833
461	4834
642	4835
4035	4836
1981	4837
1	4838
77	4839
1298	4840
1199	4841
987	4842
3179	4843
405	4844
41	4845
392	4846
4045	4847
1	4848
1184	4849
1378	4850
2850	4851
3073	4852
333	4853
333	4854
333	4855
239	4856
856	4857
14	4858
643	4859
464	4860
2792	4861
1457	4862
2078	4863
358	4864
914	4865
1624	4866
365	4867
1696	4868
505	4869
1170	4870
1170	4871
2806	4872
87	4873
1242	4874
3689	4875
1631	4876
134	4877
2780	4878
2153	4879
331	4880
331	4881
3502	4882
1271	4883
1459	4884
650	4885
146	4886
17	4887
202	4888
332	4889
993	4890
88	4891
1629	4892
3685	4893
157	4894
103	4895
1402	4896
211	4897
3075	4898
658	4899
226	4900
2175	4901
141	4902
28	4903
119	4904
319	4905
1121	4906
487	4907
2614	4908
632	4909
632	4910
1422	4911
541	4912
1212	4913
11	4914
6	4915
2	4916
814	4917
4156	4918
601	4919
656	4920
945	4921
281	4922
53	4923
405	4924
56	4925
337	4926
31	4927
20	4928
127	4929
1881	4930
770	4931
2541	4932
38	4933
1145	4934
2889	4935
991	4936
3226	4937
17	4938
1113	4939
37	4940
375	4941
152	4942
966	4943
470	4944
2523	4945
1013	4946
105	4947
1532	4948
71	4949
1063	4950
3679	4951
4160	4952
180	4953
1401	4954
52	4955
61	4956
2042	4957
1363	4958
140	4959
1932	4960
180	4961
1641	4962
825	4963
2160	4964
179	4965
230	4966
134	4967
1847	4968
1854	4969
1471	4970
240	4971
1933	4972
11	4973
2696	4974
180	4975
194	4976
1612	4977
293	4978
988	4979
1814	4980
838	4981
940	4982
2662	4983
1465	4984
933	4985
2883	4986
3595	4987
144	4988
326	4989
189	4990
984	4991
127	4992
668	4993
25	4994
166	4995
3267	4996
67	4997
4099	4998
1904	4999
2816	5000
1399	5001
1172	5002
2874	5003
157	5004
1681	5005
148	5006
199	5007
92	5008
1647	5009
1665	5010
4206	5011
1526	5012
2410	5013
189	5014
1775	5015
3029	5016
354	5017
2317	5018
701	5019
1188	5020
12	5021
2702	5022
3255	5023
763	5024
23	5025
2783	5026
2323	5027
2707	5028
18	5029
481	5030
178	5031
81	5032
434	5033
1758	5034
1501	5035
468	5036
3880	5037
3313	5038
23	5039
100	5040
2172	5041
58	5042
1794	5043
124	5044
1032	5045
6	5046
795	5047
193	5048
247	5049
3189	5050
7	5051
622	5052
651	5053
65	5054
450	5055
566	5056
698	5057
270	5058
4000	5059
2692	5060
89	5061
4162	5062
353	5063
46	5064
89	5065
89	5066
89	5067
1203	5068
630	5069
1336	5070
80	5071
1827	5072
4	5073
180	5074
363	5075
73	5076
323	5077
3808	5078
750	5079
77	5080
852	5081
390	5082
654	5083
1700	5084
89	5085
1203	5086
2529	5087
1335	5088
4042	5089
345	5090
2235	5091
490	5092
2861	5093
3639	5094
4092	5095
318	5096
641	5097
1527	5098
4292	5099
663	5100
3074	5101
379	5102
497	5103
625	5104
423	5105
758	5106
1401	5107
2053	5108
877	5109
724	5110
1034	5111
1760	5112
97	5113
577	5114
3409	5115
946	5116
1285	5117
1849	5118
134	5119
2102	5120
937	5121
1777	5122
929	5123
779	5124
2123	5125
2080	5126
2119	5127
3177	5128
869	5129
3739	5130
352	5131
915	5132
49	5133
877	5134
248	5135
1904	5136
1085	5137
187	5138
234	5139
52	5140
2214	5141
1036	5142
1112	5143
92	5144
3714	5145
1242	5146
891	5147
3071	5148
149	5149
29	5150
2202	5151
6	5152
3136	5153
3950	5154
4082	5155
1	5156
448	5157
2174	5158
3548	5159
1397	5160
20	5161
92	5162
1362	5163
71	5164
25	5165
2162	5166
1766	5167
471	5168
15	5169
2248	5170
3083	5171
150	5172
507	5173
2237	5174
1673	5175
4217	5176
1809	5177
1649	5178
189	5179
372	5180
477	5181
415	5182
19	5183
3915	5184
330	5185
1748	5186
1867	5187
3193	5188
1368	5189
264	5190
826	5191
34	5192
1183	5193
2718	5194
24	5195
1284	5196
2939	5197
2876	5198
227	5199
95	5200
1707	5201
953	5202
953	5203
4207	5204
61	5205
1304	5206
71	5207
141	5208
294	5209
179	5210
2631	5211
1773	5212
307	5213
3464	5214
500	5215
3952	5216
2815	5217
286	5218
2500	5219
1051	5220
563	5221
574	5222
18	5223
703	5224
3414	5225
1134	5226
2339	5227
699	5228
1889	5229
1026	5230
3997	5231
470	5232
3746	5233
1938	5234
647	5235
2428	5236
1734	5237
629	5238
299	5239
2110	5240
169	5241
607	5242
1190	5243
1099	5244
454	5245
110	5246
768	5247
3253	5248
859	5249
354	5250
2599	5251
1066	5252
21	5253
3890	5254
1898	5255
550	5256
2950	5257
2931	5258
2157	5259
60	5260
1431	5261
33	5262
81	5263
797	5264
2017	5265
567	5266
854	5267
3720	5268
278	5269
2014	5270
297	5271
4114	5272
2441	5273
2379	5274
3707	5275
231	5276
992	5277
2129	5278
53	5279
859	5280
1104	5281
9	5282
1892	5283
2081	5284
573	5285
583	5286
4298	5287
3801	5288
2212	5289
4243	5290
169	5291
1208	5292
2029	5293
2115	5294
1095	5295
102	5296
610	5297
1533	5298
1928	5299
196	5300
1528	5301
1056	5302
1887	5303
1096	5304
21	5305
1620	5306
624	5307
1089	5308
466	5309
3823	5310
250	5311
438	5312
605	5313
1285	5314
1893	5315
785	5316
1040	5317
3214	5318
594	5319
1979	5320
646	5321
1083	5322
1154	5323
222	5324
379	5325
751	5326
1086	5327
1043	5328
2985	5329
1027	5330
2134	5331
16	5332
16	5333
16	5334
281	5335
1266	5336
717	5337
2327	5338
2038	5339
16	5340
63	5341
794	5342
788	5343
2044	5344
116	5345
23	5346
139	5347
944	5348
3734	5349
1341	5350
374	5351
9	5352
1294	5353
3618	5354
844	5355
3769	5356
1029	5357
3294	5358
1999	5359
853	5360
2123	5361
3161	5362
3640	5363
610	5364
701	5365
1353	5366
1950	5367
70	5368
3798	5369
2063	5370
3162	5371
493	5372
449	5373
4081	5374
1626	5375
1939	5376
1655	5377
86	5378
1890	5379
869	5380
102	5381
3557	5382
3691	5383
1034	5384
1280	5385
1057	5386
1295	5387
208	5388
1660	5389
1145	5390
116	5391
5	5392
42	5393
99	5394
1051	5395
1158	5396
1098	5397
624	5398
1829	5399
4295	5400
2594	5401
3686	5402
1598	5403
315	5404
4182	5405
1052	5406
1266	5407
419	5408
1375	5409
442	5410
3632	5411
23	5412
299	5413
3675	5414
278	5415
934	5416
1693	5417
1134	5418
3694	5419
12	5420
12	5421
753	5422
1243	5423
21	5424
1051	5425
134	5426
881	5427
231	5428
2081	5429
86	5430
1158	5431
2368	5432
3766	5433
102	5434
1021	5435
33	5436
66	5437
4197	5438
242	5439
1344	5440
3536	5441
3250	5442
2919	5443
449	5444
33	5445
31	5446
2508	5447
883	5448
1856	5449
748	5450
3658	5451
3356	5452
2964	5453
1417	5454
2409	5455
2018	5456
1158	5457
250	5458
380	5459
23	5460
3626	5461
572	5462
4208	5463
172	5464
1375	5465
1023	5466
2497	5467
3733	5468
3949	5469
3980	5470
3725	5471
2582	5472
1449	5473
3593	5474
4022	5475
718	5476
1047	5477
2060	5478
3807	5479
2554	5480
581	5481
3576	5482
1640	5483
2023	5484
509	5485
70	5486
1951	5487
576	5488
376	5489
138	5490
21	5491
1415	5492
537	5493
231	5494
927	5495
4078	5496
2002	5497
3856	5498
3398	5499
2017	5500
122	5501
149	5502
177	5503
1021	5504
1505	5505
3677	5506
509	5507
1791	5508
380	5509
493	5510
572	5511
2094	5512
2818	5513
31	5514
4085	5515
1616	5516
2166	5517
3787	5518
923	5519
1	5520
379	5521
1628	5522
419	5523
284	5524
1616	5525
53	5526
1234	5527
31	5528
1207	5529
955	5530
316	5531
228	5532
16	5533
1659	5534
125	5535
2452	5536
255	5537
260	5538
238	5539
54	5540
3297	5541
3852	5542
4062	5543
20	5544
1844	5545
616	5546
1	5547
122	5548
2561	5549
1433	5550
21	5551
749	5552
1952	5553
604	5554
2814	5555
1623	5556
120	5557
1047	5558
1540	5559
1055	5560
942	5561
3930	5562
125	5563
2542	5564
3942	5565
863	5566
924	5567
261	5568
395	5569
1369	5570
743	5571
1650	5572
1076	5573
1773	5574
187	5575
261	5576
877	5577
3436	5578
240	5579
3069	5580
2063	5581
1344	5582
294	5583
1240	5584
3309	5585
1885	5586
3922	5587
573	5588
379	5589
134	5590
502	5591
894	5592
3455	5593
968	5594
334	5595
2488	5596
2014	5597
1607	5598
937	5599
701	5600
577	5601
2472	5602
368	5603
924	5604
2093	5605
3770	5606
720	5607
1925	5608
32	5609
361	5610
3062	5611
944	5612
4170	5613
960	5614
262	5615
24	5616
2026	5617
3761	5618
1667	5619
1518	5620
3698	5621
1410	5622
1339	5623
12	5624
1300	5625
625	5626
1902	5627
96	5628
1409	5629
22	5630
610	5631
23	5632
3218	5633
3064	5634
614	5635
727	5636
31	5637
2543	5638
3872	5639
122	5640
649	5641
116	5642
3752	5643
171	5644
374	5645
29	5646
953	5647
3276	5648
1730	5649
3236	5650
80	5651
2538	5652
603	5653
1086	5654
380	5655
1877	5656
51	5657
1190	5658
927	5659
515	5660
3729	5661
1642	5662
702	5663
4023	5664
13	5665
145	5666
169	5667
1642	5668
1948	5669
1339	5670
748	5671
170	5672
1190	5673
624	5674
719	5675
59	5676
78	5677
23	5678
3001	5679
2021	5680
70	5681
1000	5682
403	5683
1	5684
638	5685
2678	5686
518	5687
31	5688
431	5689
396	5690
239	5691
883	5692
995	5693
593	5694
2054	5695
3719	5696
2050	5697
817	5698
1645	5699
1842	5700
1047	5701
1918	5702
353	5703
3428	5704
3113	5705
1161	5706
411	5707
597	5708
638	5709
192	5710
12	5711
1969	5712
404	5713
2412	5714
440	5715
1026	5716
1937	5717
861	5718
75	5719
293	5720
2005	5721
512	5722
2	5723
2786	5724
1056	5725
1361	5726
10	5727
2217	5728
1220	5729
322	5730
733	5731
3696	5732
2417	5733
764	5734
629	5735
712	5736
70	5737
583	5738
401	5739
1074	5740
1072	5741
247	5742
3417	5743
1187	5744
2165	5745
104	5746
1063	5747
889	5748
3966	5749
603	5750
1916	5751
253	5752
4075	5753
2886	5754
2211	5755
1194	5756
127	5757
4300	5758
1594	5759
1289	5760
566	5761
122	5762
2157	5763
1807	5764
2458	5765
952	5766
580	5767
281	5768
1281	5769
1143	5770
2008	5771
952	5772
99	5773
1942	5774
1568	5775
1715	5776
32	5777
107	5778
2375	5779
1367	5780
3690	5781
1955	5782
569	5783
1510	5784
4242	5785
3458	5786
5	5787
1346	5788
158	5789
352	5790
1108	5791
3740	5792
960	5793
360	5794
862	5795
48	5796
80	5797
530	5798
1348	5799
2378	5800
2710	5801
262	5802
1248	5803
109	5804
568	5805
1725	5806
2070	5807
1736	5808
3783	5809
968	5810
1876	5811
3680	5812
2703	5813
755	5814
5	5815
168	5816
54	5817
2849	5818
451	5819
207	5820
130	5821
381	5822
1008	5823
4216	5824
2321	5825
45	5826
3273	5827
12	5828
1891	5829
11	5830
244	5831
74	5832
1603	5833
418	5834
7	5835
5	5836
884	5837
544	5838
1363	5839
2039	5840
1627	5841
3793	5842
334	5843
1445	5844
109	5845
749	5846
1735	5847
3288	5848
394	5849
900	5850
3304	5851
260	5852
1349	5853
2089	5854
750	5855
320	5856
3547	5857
1019	5858
3020	5859
950	5860
961	5861
324	5862
9	5863
110	5864
4037	5865
747	5866
469	5867
259	5868
3711	5869
1384	5870
1008	5871
2708	5872
501	5873
1346	5874
2918	5875
54	5876
1644	5877
14	5878
2736	5879
408	5880
2944	5881
113	5882
1345	5883
880	5884
39	5885
1009	5886
1519	5887
3875	5888
232	5889
1717	5890
545	5891
78	5892
562	5893
172	5894
81	5895
103	5896
319	5897
2062	5898
2372	5899
476	5900
199	5901
1941	5902
2303	5903
354	5904
1119	5905
1289	5906
1585	5907
1923	5908
215	5909
67	5910
1574	5911
2135	5912
10	5913
950	5914
761	5915
1447	5916
6	5917
189	5918
489	5919
1728	5920
1552	5921
752	5922
244	5923
35	5924
67	5925
403	5926
15	5927
2168	5928
91	5929
49	5930
44	5931
208	5932
19	5933
256	5934
949	5935
2037	5936
974	5937
348	5938
403	5939
76	5940
306	5941
3907	5942
388	5943
672	5944
3520	5945
1424	5946
988	5947
23	5948
1958	5949
3525	5950
305	5951
1033	5952
3392	5953
3034	5954
3	5955
35	5956
277	5957
47	5958
2901	5959
1471	5960
504	5961
504	5962
2191	5963
116	5964
1796	5965
472	5966
472	5967
253	5968
253	5969
364	5970
697	5971
2169	5972
4297	5973
1995	5974
63	5975
123	5976
1614	5977
4051	5978
690	5979
27	5980
216	5981
300	5982
308	5983
817	5984
631	5985
991	5986
775	5987
2442	5988
1206	5989
56	5990
1691	5991
1373	5992
1239	5993
76	5994
2290	5995
359	5996
620	5997
3908	5998
4239	5999
4230	6000
106	6001
106	6002
106	6003
665	6004
203	6005
665	6006
665	6007
205	6008
1106	6009
1990	6010
100	6011
1677	6012
266	6013
1783	6014
170	6015
185	6016
1872	6017
2884	6018
1963	6019
584	6020
47	6021
3682	6022
2012	6023
123	6024
2320	6025
123	6026
320	6027
320	6028
3759	6029
1996	6030
1177	6031
615	6032
2991	6033
3684	6034
113	6035
27	6036
1513	6037
16	6038
2635	6039
3290	6040
399	6041
1615	6042
975	6043
385	6044
1776	6045
368	6046
144	6047
3840	6048
1218	6049
389	6050
148	6051
1737	6052
2537	6053
353	6054
2434	6055
435	6056
2098	6057
2051	6058
3839	6059
574	6060
2396	6061
1145	6062
579	6063
1172	6064
1833	6065
106	6066
2127	6067
1664	6068
2311	6069
2941	6070
36	6071
185	6072
162	6073
1355	6074
40	6075
871	6076
11	6077
1343	6078
1509	6079
447	6080
55	6081
2395	6082
1306	6083
837	6084
752	6085
3054	6086
85	6087
136	6088
530	6089
1247	6090
2170	6091
3203	6092
708	6093
441	6094
40	6095
217	6096
1171	6097
448	6098
112	6099
1107	6100
196	6101
209	6102
1286	6103
190	6104
884	6105
17	6106
904	6107
550	6108
1814	6109
276	6110
2606	6111
1382	6112
1382	6113
2053	6114
887	6115
1110	6116
932	6117
620	6118
1572	6119
324	6120
2052	6121
168	6122
1618	6123
865	6124
1284	6125
239	6126
284	6127
2108	6128
272	6129
4187	6130
192	6131
4209	6132
192	6133
269	6134
269	6135
272	6136
104	6137
1475	6138
4229	6139
382	6140
268	6141
1756	6142
393	6143
2225	6144
4212	6145
612	6146
1675	6147
1044	6148
522	6149
2424	6150
1118	6151
6	6152
58	6153
2887	6154
9	6155
380	6156
973	6157
3156	6158
225	6159
875	6160
218	6161
2986	6162
726	6163
998	6164
11	6165
573	6166
220	6167
3030	6168
2824	6169
1662	6170
3142	6171
47	6172
1304	6173
551	6174
561	6175
4168	6176
2031	6177
1286	6178
720	6179
874	6180
3810	6181
2088	6182
3539	6183
3364	6184
583	6185
45	6186
3471	6187
3274	6188
968	6189
1561	6190
71	6191
229	6192
229	6193
1398	6194
4130	6195
3	6196
373	6197
750	6198
1235	6199
102	6200
92	6201
3441	6202
483	6203
61	6204
500	6205
1914	6206
1175	6207
1690	6208
1649	6209
1035	6210
2075	6211
3446	6212
1278	6213
1511	6214
3835	6215
1148	6216
547	6217
105	6218
2148	6219
2768	6220
2015	6221
135	6222
3906	6223
4102	6224
589	6225
396	6226
518	6227
671	6228
4127	6229
4267	6230
1895	6231
3778	6232
57	6233
3914	6234
67	6235
4281	6236
309	6237
801	6238
761	6239
2893	6240
3331	6241
223	6242
47	6243
1663	6244
1491	6245
2087	6246
793	6247
1477	6248
1469	6249
373	6250
1845	6251
2848	6252
22	6253
2035	6254
3351	6255
560	6256
949	6257
2319	6258
2983	6259
36	6260
2273	6261
3542	6262
443	6263
443	6264
214	6265
2141	6266
214	6267
1847	6268
280	6269
1	6270
2126	6271
778	6272
2688	6273
1	6274
482	6275
1023	6276
1144	6277
1907	6278
350	6279
1915	6280
340	6281
409	6282
3068	6283
2291	6284
310	6285
370	6286
621	6287
5	6288
4290	6289
1883	6290
170	6291
34	6292
3611	6293
1652	6294
2265	6295
2163	6296
159	6297
3646	6298
338	6299
2450	6300
334	6301
1871	6302
4049	6303
29	6304
157	6305
198	6306
1784	6307
271	6308
1351	6309
107	6310
107	6311
1479	6312
1985	6313
199	6314
2453	6315
676	6316
149	6317
1102	6318
827	6319
1492	6320
475	6321
257	6322
51	6323
90	6324
706	6325
706	6326
2689	6327
404	6328
685	6329
855	6330
35	6331
91	6332
3281	6333
1303	6334
2923	6335
276	6336
946	6337
1176	6338
3521	6339
104	6340
104	6341
2228	6342
91	6343
1425	6344
4265	6345
2405	6346
1397	6347
20	6348
895	6349
98	6350
613	6351
613	6352
613	6353
1776	6354
425	6355
3887	6356
195	6357
650	6358
1036	6359
1672	6360
3945	6361
12	6362
4005	6363
96	6364
60	6365
1587	6366
614	6367
815	6368
1125	6369
1267	6370
120	6371
1562	6372
472	6373
42	6374
2	6375
165	6376
609	6377
2791	6378
976	6379
295	6380
2134	6381
372	6382
120	6383
1404	6384
171	6385
1334	6386
1473	6387
228	6388
2549	6389
3007	6390
1390	6391
161	6392
2227	6393
221	6394
1374	6395
1128	6396
294	6397
4077	6398
156	6399
27	6400
1751	6401
2898	6402
4161	6403
337	6404
1928	6405
2138	6406
1827	6407
639	6408
722	6409
1662	6410
347	6411
3264	6412
899	6413
4232	6414
2133	6415
989	6416
277	6417
11	6418
493	6419
295	6420
1174	6421
1073	6422
20	6423
803	6424
803	6425
4285	6426
4040	6427
3943	6428
2176	6429
1930	6430
1919	6431
1936	6432
2181	6433
180	6434
2999	6435
973	6436
3335	6437
712	6438
2968	6439
104	6440
1536	6441
861	6442
4083	6443
1601	6444
452	6445
1984	6446
446	6447
3608	6448
2055	6449
2899	6450
1567	6451
954	6452
1360	6453
1683	6454
47	6455
926	6456
22	6457
1815	6458
905	6459
1157	6460
1138	6461
3361	6462
40	6463
494	6464
3499	6465
917	6466
649	6467
1858	6468
2308	6469
319	6470
260	6471
394	6472
207	6473
1948	6474
596	6475
1769	6476
15	6477
2383	6478
2198	6479
289	6480
3466	6481
783	6482
3961	6483
111	6484
56	6485
105	6486
1226	6487
30	6488
4158	6489
382	6490
1999	6491
859	6492
2046	6493
40	6494
1487	6495
755	6496
378	6497
1477	6498
3384	6499
1711	6500
21	6501
4194	6502
2190	6503
2844	6504
1674	6505
1103	6506
267	6507
2085	6508
1811	6509
2928	6510
256	6511
100	6512
211	6513
37	6514
422	6515
256	6516
1963	6517
1718	6518
996	6519
1986	6520
251	6521
1586	6522
281	6523
755	6524
364	6525
1651	6526
3605	6527
3211	6528
1971	6529
735	6530
411	6531
13	6532
938	6533
1060	6534
3485	6535
568	6536
847	6537
893	6538
702	6539
2938	6540
3994	6541
890	6542
185	6543
1648	6544
3540	6545
3506	6546
1090	6547
3102	6548
2012	6549
460	6550
559	6551
678	6552
794	6553
1626	6554
1136	6555
1064	6556
334	6557
2052	6558
2	6559
4181	6560
3091	6561
3123	6562
744	6563
1350	6564
96	6565
1770	6566
1531	6567
3735	6568
259	6569
2239	6570
112	6571
1526	6572
432	6573
2774	6574
534	6575
4203	6576
1484	6577
3198	6578
3031	6579
79	6580
177	6581
315	6582
536	6583
1152	6584
273	6585
545	6586
187	6587
471	6588
600	6589
3237	6590
28	6591
626	6592
2551	6593
1420	6594
557	6595
810	6596
132	6597
4084	6598
1090	6599
1463	6600
422	6601
4258	6602
414	6603
1006	6604
124	6605
10	6606
186	6607
263	6608
3867	6609
41	6610
842	6611
121	6612
52	6613
1301	6614
456	6615
2140	6616
1183	6617
1987	6618
1168	6619
137	6620
1084	6621
1229	6622
362	6623
3040	6624
57	6625
3859	6626
593	6627
593	6628
182	6629
3155	6630
196	6631
633	6632
1111	6633
1141	6634
739	6635
2734	6636
212	6637
244	6638
2	6639
44	6640
26	6641
2024	6642
885	6643
1679	6644
103	6645
1	6646
2729	6647
3518	6648
3317	6649
410	6650
2722	6651
3194	6652
3475	6653
15	6654
277	6655
179	6656
179	6657
1393	6658
2401	6659
2192	6660
405	6661
4218	6662
292	6663
292	6664
292	6665
2041	6666
224	6667
3491	6668
1544	6669
1246	6670
1553	6671
1268	6672
3838	6673
2215	6674
1080	6675
1709	6676
1027	6677
1122	6678
347	6679
28	6680
1245	6681
34	6682
314	6683
3473	6684
73	6685
997	6686
307	6687
1067	6688
2103	6689
2344	6690
364	6691
475	6692
1342	6693
400	6694
475	6695
4246	6696
421	6697
10	6698
48	6699
68	6700
4044	6701
148	6702
137	6703
2712	6704
574	6705
2493	6706
437	6707
48	6708
14	6709
1803	6710
640	6711
708	6712
2306	6713
1318	6714
105	6715
3516	6716
2044	6717
835	6718
1402	6719
1869	6720
3366	6721
3497	6722
3775	6723
2836	6724
4294	6725
1574	6726
243	6727
1160	6728
327	6729
13	6730
758	6731
3049	6732
2951	6733
1802	6734
1127	6735
1005	6736
52	6737
653	6738
2056	6739
3129	6740
2394	6741
1150	6742
144	6743
1654	6744
598	6745
143	6746
3248	6747
2036	6748
325	6749
4215	6750
428	6751
929	6752
51	6753
724	6754
2376	6755
428	6756
2426	6757
1925	6758
3831	6759
2584	6760
1417	6761
715	6762
500	6763
1353	6764
151	6765
2671	6766
983	6767
1078	6768
1821	6769
1750	6770
6	6771
935	6772
1	6773
4	6774
1	6775
1	6776
230	6777
853	6778
769	6779
1310	6780
684	6781
1231	6782
177	6783
3080	6784
297	6785
53	6786
1	6787
1656	6788
819	6789
228	6790
361	6791
1494	6792
2663	6793
3983	6794
239	6795
893	6796
3797	6797
259	6798
569	6799
3430	6800
2741	6801
3149	6802
3442	6803
1676	6804
3843	6805
85	6806
113	6807
40	6808
2603	6809
223	6810
1030	6811
1015	6812
1015	6813
889	6814
550	6815
1736	6816
1325	6817
2890	6818
97	6819
306	6820
1179	6821
220	6822
576	6823
80	6824
1703	6825
969	6826
517	6827
47	6828
1181	6829
128	6830
2161	6831
191	6832
439	6833
1483	6834
2200	6835
1091	6836
3672	6837
1085	6838
2278	6839
1144	6840
2270	6841
8	6842
56	6843
3416	6844
1297	6845
160	6846
2784	6847
3188	6848
375	6849
2179	6850
3972	6851
195	6852
55	6853
272	6854
55	6855
839	6856
4211	6857
1865	6858
2490	6859
3883	6860
4266	6861
41	6862
1120	6863
3860	6864
1575	6865
140	6866
140	6867
737	6868
979	6869
3602	6870
1261	6871
88	6872
1458	6873
3580	6874
1881	6875
3851	6876
27	6877
535	6878
3055	6879
22	6880
59	6881
518	6882
1007	6883
21	6884
2223	6885
3247	6886
3088	6887
491	6888
92	6889
1250	6890
709	6891
608	6892
1982	6893
809	6894
173	6895
810	6896
1272	6897
2593	6898
3085	6899
194	6900
1617	6901
3374	6902
3940	6903
659	6904
149	6905
1509	6906
1732	6907
1126	6908
1224	6909
1061	6910
3212	6911
2159	6912
1431	6913
879	6914
1254	6915
429	6916
3036	6917
385	6918
113	6919
116	6920
173	6921
1541	6922
3381	6923
17	6924
2506	6925
4260	6926
1340	6927
534	6928
3853	6929
432	6930
109	6931
487	6932
312	6933
86	6934
519	6935
1178	6936
268	6937
101	6938
1500	6939
4119	6940
164	6941
15	6942
3585	6943
8	6944
1432	6945
1511	6946
922	6947
922	6948
40	6949
1836	6950
78	6951
1917	6952
2244	6953
118	6954
75	6955
19	6956
268	6957
2868	6958
3141	6959
118	6960
16	6961
2840	6962
1632	6963
1508	6964
1288	6965
1502	6966
918	6967
5	6968
2858	6969
191	6970
2727	6971
2159	6972
3039	6973
1320	6974
1674	6975
913	6976
3806	6977
690	6978
115	6979
1165	6980
218	6981
2107	6982
74	6983
2522	6984
481	6985
3681	6986
1817	6987
3995	6988
4196	6989
1	6990
25	6991
854	6992
1223	6993
957	6994
433	6995
1866	6996
296	6997
30	6998
2186	6999
1740	7000
4046	7001
1957	7002
272	7003
3631	7004
2905	7005
1751	7006
237	7007
75	7008
418	7009
213	7010
1668	7011
148	7012
1467	7013
941	7014
782	7015
626	7016
3870	7017
3968	7018
43	7019
3782	7020
1269	7021
939	7022
3196	7023
36	7024
1	7025
1	7026
679	7027
508	7028
4039	7029
264	7030
1478	7031
488	7032
133	7033
1050	7034
244	7035
2665	7036
2586	7037
2177	7038
3	7039
1336	7040
1981	7041
3467	7042
2304	7043
437	7044
15	7045
378	7046
976	7047
1851	7048
657	7049
331	7050
2560	7051
21	7052
2481	7053
3628	7054
65	7055
3600	7056
1802	7057
928	7058
405	7059
41	7060
54	7061
21	7062
2660	7063
1917	7064
664	7065
3541	7066
705	7067
1420	7068
589	7069
3967	7070
1778	7071
2068	7072
3056	7073
3517	7074
592	7075
1739	7076
1349	7077
8	7078
521	7079
529	7080
4047	7081
1011	7082
1682	7083
1211	7084
3037	7085
3257	7086
1801	7087
2076	7088
1808	7089
528	7090
1517	7091
871	7092
1406	7093
3287	7094
813	7095
2661	7096
139	7097
364	7098
771	7099
2024	7100
597	7101
129	7102
2609	7103
3674	7104
3987	7105
4299	7106
3764	7107
3978	7108
1550	7109
1165	7110
38	7111
673	7112
45	7113
4277	7114
1621	7115
1840	7116
2019	7117
222	7118
970	7119
45	7120
852	7121
478	7122
3710	7123
1620	7124
85	7125
1583	7126
197	7127
2464	7128
84	7129
947	7130
197	7131
508	7132
45	7133
318	7134
3524	7135
286	7136
930	7137
166	7138
1400	7139
85	7140
403	7141
58	7142
2118	7143
1488	7144
1212	7145
2830	7146
43	7147
1189	7148
464	7149
1021	7150
310	7151
546	7152
94	7153
29	7154
2485	7155
3059	7156
4238	7157
804	7158
2266	7159
1109	7160
610	7161
2834	7162
1210	7163
623	7164
653	7165
2520	7166
713	7167
3292	7168
2993	7169
1418	7170
1247	7171
3620	7172
367	7173
304	7174
20	7175
2195	7176
1568	7177
1213	7178
1667	7179
956	7180
3874	7181
919	7182
1219	7183
224	7184
361	7185
931	7186
480	7187
3487	7188
4244	7189
1131	7190
1365	7191
1365	7192
73	7193
274	7194
359	7195
359	7196
86	7197
2910	7198
3178	7199
290	7200
3462	7201
658	7202
2912	7203
3395	7204
17	7205
1235	7206
3105	7207
121	7208
2095	7209
1543	7210
1327	7211
587	7212
587	7213
3279	7214
4204	7215
1587	7216
43	7217
43	7218
1	7219
1162	7220
3	7221
554	7222
117	7223
117	7224
117	7225
3844	7226
231	7227
326	7228
4129	7229
1317	7230
2813	7231
1752	7232
1254	7233
488	7234
2121	7235
217	7236
2737	7237
17	7238
2329	7239
2043	7240
511	7241
965	7242
2642	7243
2641	7244
3699	7245
2638	7246
3048	7247
2629	7248
4140	7249
3998	7250
2637	7251
1359	7252
2639	7253
2646	7254
2645	7255
148	7256
79	7257
2089	7258
463	7259
3676	7260
3633	7261
787	7262
356	7263
823	7264
3551	7265
328	7266
1462	7267
356	7268
3984	7269
1556	7270
1166	7271
655	7272
951	7273
1179	7274
2652	7275
2509	7276
2695	7277
130	7278
1	7279
822	7280
549	7281
621	7282
3079	7283
150	7284
1302	7285
335	7286
3931	7287
634	7288
654	7289
1515	7290
4154	7291
1898	7292
377	7293
291	7294
74	7295
45	7296
872	7297
70	7298
192	7299
3181	7300
1111	7301
3167	7302
3117	7303
4006	7304
132	7305
132	7306
2100	7307
1045	7308
3426	7309
235	7310
435	7311
588	7312
977	7313
1357	7314
2386	7315
1357	7316
285	7317
285	7318
497	7319
15	7320
2398	7321
394	7322
824	7323
1307	7324
394	7325
1852	7326
1602	7327
713	7328
2087	7329
2953	7330
2307	7331
1274	7332
28	7333
409	7334
1087	7335
3284	7336
797	7337
989	7338
711	7339
233	7340
103	7341
79	7342
103	7343
938	7344
2821	7345
167	7346
771	7347
1263	7348
878	7349
280	7350
1964	7351
2110	7352
627	7353
2574	7354
157	7355
3527	7356
3183	7357
963	7358
1296	7359
1204	7360
3165	7361
479	7362
452	7363
4141	7364
2132	7365
212	7366
3564	7367
3132	7368
2193	7369
1538	7370
4117	7371
1114	7372
350	7373
19	7374
2019	7375
1450	7376
3047	7377
136	7378
1314	7379
154	7380
7	7381
89	7382
20	7383
1237	7384
72	7385
746	7386
309	7387
1251	7388
1314	7389
606	7390
2060	7391
4106	7392
16	7393
3742	7394
3886	7395
1102	7396
2640	7397
986	7398
1074	7399
3187	7400
4145	7401
269	7402
636	7403
192	7404
1686	7405
79	7406
570	7407
1512	7408
164	7409
151	7410
542	7411
933	7412
1495	7413
462	7414
263	7415
4	7416
1493	7417
4032	7418
1569	7419
173	7420
69	7421
799	7422
1694	7423
431	7424
43	7425
67	7426
2224	7427
2067	7428
804	7429
3202	7430
38	7431
3563	7432
3200	7433
3134	7434
3538	7435
499	7436
51	7437
2274	7438
1850	7439
75	7440
5	7441
456	7442
193	7443
19	7444
3490	7445
710	7446
5	7447
590	7448
782	7449
716	7450
152	7451
3530	7452
565	7453
565	7454
39	7455
1889	7456
1270	7457
1392	7458
34	7459
1137	7460
5	7461
300	7462
100	7463
24	7464
1155	7465
839	7466
4234	7467
557	7468
289	7469
2922	7470
971	7471
3833	7472
907	7473
1866	7474
1009	7475
714	7476
321	7477
4	7478
1597	7479
1054	7480
2929	7481
3578	7482
63	7483
2111	7484
52	7485
1049	7486
52	7487
1941	7488
67	7489
3233	7490
1097	7491
1074	7492
3559	7493
2982	7494
441	7495
3081	7496
29	7497
70	7498
643	7499
809	7500
644	7501
414	7502
1822	7503
2633	7504
347	7505
3372	7506
3946	7507
145	7508
29	7509
356	7510
602	7511
94	7512
523	7513
384	7514
77	7515
1173	7516
2927	7517
1250	7518
206	7519
3575	7520
121	7521
350	7522
2862	7523
433	7524
69	7525
215	7526
215	7527
3982	7528
1570	7529
135	7530
115	7531
115	7532
1275	7533
297	7534
746	7535
2155	7536
254	7537
3316	7538
1268	7539
1245	7540
799	7541
326	7542
494	7543
2676	7544
431	7545
2512	7546
27	7547
91	7548
1537	7549
106	7550
2829	7551
3125	7552
41	7553
31	7554
770	7555
7	7556
22	7557
868	7558
1863	7559
30	7560
1439	7561
924	7562
3401	7563
613	7564
1753	7565
422	7566
3400	7567
298	7568
3586	7569
115	7570
22	7571
712	7572
272	7573
969	7574
91	7575
91	7576
3269	7577
1622	7578
529	7579
2971	7580
200	7581
1793	7582
2940	7583
3529	7584
365	7585
1351	7586
1664	7587
2978	7588
1	7589
3726	7590
12	7591
9	7592
1347	7593
596	7594
3660	7595
1039	7596
1745	7597
52	7598
495	7599
2324	7600
305	7601
2129	7602
1554	7603
536	7604
248	7605
4004	7606
2322	7607
358	7608
1815	7609
2535	7610
718	7611
1068	7612
1263	7613
3958	7614
2675	7615
1862	7616
32	7617
32	7618
32	7619
1058	7620
588	7621
142	7622
3254	7623
3921	7624
753	7625
752	7626
617	7627
1791	7628
1016	7629
17	7630
2622	7631
12	7632
1823	7633
693	7634
1466	7635
663	7636
2977	7637
1059	7638
206	7639
1724	7640
1998	7641
104	7642
342	7643
1743	7644
994	7645
1030	7646
1031	7647
318	7648
1986	7649
9	7650
2725	7651
1324	7652
1714	7653
2219	7654
98	7655
795	7656
1080	7657
1864	7658
4279	7659
740	7660
154	7661
1	7662
1486	7663
351	7664
233	7665
840	7666
662	7667
8	7668
3916	7669
35	7670
814	7671
503	7672
2211	7673
767	7674
1377	7675
2568	7676
1703	7677
378	7678
1095	7679
3508	7680
2313	7681
1092	7682
3917	7683
139	7684
64	7685
466	7686
1108	7687
3	7688
2364	7689
1676	7690
140	7691
2040	7692
28	7693
32	7694
555	7695
3261	7696
1107	7697
2272	7698
396	7699
516	7700
1205	7701
236	7702
931	7703
994	7704
1942	7705
2037	7706
377	7707
117	7708
12	7709
68	7710
1099	7711
1249	7712
1	7713
143	7714
1070	7715
2151	7716
1133	7717
588	7718
1171	7719
2348	7720
1184	7721
3077	7722
1010	7723
165	7724
2924	7725
971	7726
1159	7727
3110	7728
1174	7729
1323	7730
12	7731
2131	7732
1837	7733
493	7734
1485	7735
389	7736
1312	7737
3182	7738
496	7739
1165	7740
1466	7741
2533	7742
2106	7743
1226	7744
75	7745
154	7746
958	7747
554	7748
1052	7749
401	7750
266	7751
2431	7752
1282	7753
28	7754
580	7755
87	7756
1609	7757
548	7758
3197	7759
202	7760
2762	7761
1	7762
1960	7763
213	7764
3865	7765
2418	7766
1878	7767
54	7768
1185	7769
1178	7770
226	7771
868	7772
964	7773
210	7774
49	7775
167	7776
3695	7777
578	7778
2880	7779
2726	7780
1578	7781
169	7782
169	7783
169	7784
2064	7785
2657	7786
3947	7787
1421	7788
93	7789
175	7790
93	7791
212	7792
431	7793
362	7794
3693	7795
787	7796
3348	7797
2387	7798
1820	7799
4089	7800
4293	7801
595	7802
11	7803
1902	7804
23	7805
203	7806
282	7807
118	7808
282	7809
870	7810
419	7811
1637	7812
248	7813
1166	7814
38	7815
469	7816
832	7817
3285	7818
1159	7819
4027	7820
4131	7821
2961	7822
39	7823
115	7824
3619	7825
727	7826
881	7827
3389	7828
2028	7829
819	7830
108	7831
108	7832
1062	7833
806	7834
302	7835
853	7836
43	7837
1057	7838
4096	7839
2225	7840
2114	7841
620	7842
37	7843
368	7844
998	7845
19	7846
1395	7847
166	7848
3819	7849
3976	7850
4103	7851
2137	7852
4086	7853
1153	7854
1460	7855
1066	7856
335	7857
990	7858
142	7859
3413	7860
2192	7861
3773	7862
4177	7863
696	7864
25	7865
285	7866
337	7867
25	7868
2066	7869
1115	7870
1992	7871
208	7872
16	7873
311	7874
206	7875
10	7876
1091	7877
394	7878
2756	7879
452	7880
28	7881
72	7882
4287	7883
10	7884
3588	7885
2859	7886
468	7887
201	7888
1374	7889
243	7890
1793	7891
2439	7892
2231	7893
558	7894
74	7895
270	7896
3832	7897
446	7898
98	7899
2373	7900
1281	7901
1	7902
3089	7903
4072	7904
1288	7905
1002	7906
1002	7907
3562	7908
1093	7909
1093	7910
1992	7911
97	7912
1964	7913
1750	7914
2084	7915
3637	7916
520	7917
1524	7918
132	7919
2682	7920
562	7921
628	7922
520	7923
2374	7924
524	7925
311	7926
790	7927
159	7928
36	7929
1	7930
1520	7931
532	7932
1412	7933
217	7934
1661	7935
3713	7936
1965	7937
3210	7938
46	7939
1423	7940
14	7941
1220	7942
35	7943
2345	7944
127	7945
163	7946
3779	7947
382	7948
100	7949
3370	7950
409	7951
1005	7952
249	7953
945	7954
945	7955
1978	7956
789	7957
1410	7958
3804	7959
2771	7960
377	7961
674	7962
52	7963
1117	7964
446	7965
2573	7966
1843	7967
1416	7968
3258	7969
229	7970
2781	7971
29	7972
1025	7973
463	7974
130	7975
366	7976
39	7977
1191	7978
356	7979
3784	7980
28	7981
513	7982
99	7983
1084	7984
1085	7985
4143	7986
994	7987
3614	7988
384	7989
1740	7990
2034	7991
369	7992
10	7993
2092	7994
570	7995
4134	7996
183	7997
436	7998
138	7999
6	8000
544	8001
468	8002
3732	8003
3324	8004
2597	8005
225	8006
1474	8007
892	8008
2295	8009
2403	8010
6	8011
6	8012
1937	8013
2617	8014
1517	8015
41	8016
1191	8017
3673	8018
1801	8019
441	8020
30	8021
605	8022
3771	8023
62	8024
362	8025
1019	8026
1024	8027
855	8028
3653	8029
453	8030
4278	8031
940	8032
637	8033
498	8034
2404	8035
4186	8036
164	8037
3537	8038
73	8039
2330	8040
1217	8041
499	8042
137	8043
2619	8044
241	8045
2831	8046
51	8047
2300	8048
1974	8049
683	8050
442	8051
41	8052
3	8053
2995	8054
634	8055
1602	8056
49	8057
17	8058
324	8059
58	8060
3003	8061
1871	8062
1590	8063
1970	8064
1910	8065
1192	8066
1192	8067
813	8068
4152	8069
30	8070
1069	8071
458	8072
717	8073
2206	8074
2206	8075
3459	8076
2276	8077
1991	8078
351	8079
21	8080
371	8081
3652	8082
1328	8083
2314	8084
109	8085
17	8086
1883	8087
1665	8088
32	8089
3758	8090
589	8091
589	8092
1215	8093
1118	8094
670	8095
3981	8096
479	8097
24	8098
479	8099
1361	8100
980	8101
366	8102
1070	8103
317	8104
308	8105
317	8106
267	8107
1196	8108
128	8109
372	8110
4094	8111
1884	8112
214	8113
127	8114
2598	8115
1825	8116
3511	8117
3911	8118
2285	8119
775	8120
1013	8121
129	8122
573	8123
1504	8124
1077	8125
990	8126
1188	8127
689	8128
1476	8129
47	8130
96	8131
498	8132
2604	8133
527	8134
355	8135
597	8136
2571	8137
3061	8138
27	8139
2969	8140
1833	8141
1968	8142
7	8143
2495	8144
4253	8145
814	8146
4179	8147
407	8148
519	8149
1142	8150
353	8151
1	8152
7	8153
1537	8154
1786	8155
123	8156
1161	8157
310	8158
2173	8159
896	8160
65	8161
517	8162
61	8163
1050	8164
983	8165
2132	8166
705	8167
1340	8168
1671	8169
412	8170
4240	8171
436	8172
553	8173
76	8174
1092	8175
3144	8176
659	8177
8	8178
3507	8179
2190	8180
2487	8181
815	8182
3345	8183
37	8184
4065	8185
20	8186
4120	8187
4157	8188
139	8189
475	8190
406	8191
2647	8192
2909	8193
1600	8194
876	8195
1012	8196
876	8197
9	8198
30	8199
256	8200
792	8201
395	8202
1093	8203
1548	8204
726	8205
1817	8206
825	8207
3440	8208
3025	8209
2855	8210
102	8211
223	8212
3570	8213
549	8214
3332	8215
981	8216
128	8217
1	8218
2101	8219
4095	8220
1045	8221
3845	8222
376	8223
2716	8224
1308	8225
585	8226
55	8227
461	8228
3598	8229
660	8230
82	8231
3140	8232
1261	8233
565	8234
374	8235
203	8236
230	8237
3936	8238
1083	8239
2502	8240
3701	8241
276	8242
276	8243
633	8244
55	8245
79	8246
26	8247
307	8248
635	8249
155	8250
635	8251
155	8252
19	8253
648	8254
3019	8255
1155	8256
1201	8257
329	8258
1747	8259
2579	8260
165	8261
2455	8262
1882	8263
433	8264
33	8265
1	8266
526	8267
3627	8268
704	8269
1480	8270
1	8271
1154	8272
2001	8273
600	8274
1787	8275
864	8276
864	8277
864	8278
1197	8279
85	8280
2216	8281
2948	8282
159	8283
216	8284
4221	8285
324	8286
3568	8287
4175	8288
2558	8289
3468	8290
3443	8291
368	8292
3790	8293
1169	8294
1702	8295
847	8296
447	8297
447	8298
993	8299
38	8300
313	8301
1951	8302
213	8303
213	8304
2154	8305
162	8306
7	8307
7	8308
582	8309
525	8310
88	8311
1120	8312
88	8313
384	8314
144	8315
44	8316
270	8317
39	8318
1593	8319
436	8320
3577	8321
35	8322
49	8323
156	8324
1366	8325
101	8326
1112	8327
1961	8328
2213	8329
8	8330
702	8331
3173	8332
248	8333
2181	8334
2217	8335
336	8336
336	8337
683	8338
886	8339
1	8340
160	8341
1333	8342
3	8343
186	8344
2613	8345
100	8346
833	8347
317	8348
24	8349
1025	8350
830	8351
3153	8352
374	8353
1356	8354
1356	8355
1922	8356
2326	8357
1658	8358
3493	8359
2489	8360
1169	8361
1666	8362
269	8363
214	8364
179	8365
4189	8366
424	8367
179	8368
294	8369
182	8370
182	8371
410	8372
3	8373
1844	8374
201	8375
2697	8376
873	8377
3657	8378
397	8379
98	8380
1381	8381
1465	8382
1967	8383
1804	8384
1901	8385
3168	8386
63	8387
4183	8388
1632	8389
139	8390
362	8391
1043	8392
766	8393
1053	8394
1273	8395
4173	8396
2040	8397
506	8398
132	8399
513	8400
2197	8401
4017	8402
207	8403
1379	8404
3895	8405
11	8406
11	8407
3225	8408
80	8409
206	8410
2365	8411
1483	8412
19	8413
1530	8414
440	8415
241	8416
1049	8417
642	8418
533	8419
3929	8420
6	8421
522	8422
495	8423
3	8424
3889	8425
1671	8426
4098	8427
856	8428
1167	8429
2866	8430
709	8431
2178	8432
33	8433
274	8434
546	8435
1877	8436
892	8437
941	8438
1718	8439
298	8440
228	8441
330	8442
622	8443
291	8444
694	8445
414	8446
21	8447
184	8448
2572	8449
26	8450
19	8451
660	8452
224	8453
224	8454
224	8455
837	8456
370	8457
455	8458
1584	8459
1944	8460
275	8461
210	8462
312	8463
322	8464
322	8465
811	8466
390	8467
242	8468
291	8469
113	8470
608	8471
1845	8472
2797	8473
1956	8474
86	8475
6	8476
863	8477
76	8478
118	8479
37	8480
838	8481
174	8482
1682	8483
388	8484
3095	8485
562	8486
1	8487
2717	8488
1451	8489
556	8490
265	8491
4283	8492
616	8493
363	8494
2232	8495
611	8496
182	8497
1501	8498
1399	8499
749	8500
57	8501
300	8502
1100	8503
85	8504
2341	8505
1380	8506
257	8507
100	8508
1848	8509
587	8510
190	8511
219	8512
2140	8513
30	8514
42	8515
2881	8516
1710	8517
121	8518
299	8519
3836	8520
575	8521
3327	8522
3	8523
132	8524
255	8525
2003	8526
3941	8527
1784	8528
1032	8529
1215	8530
1115	8531
188	8532
1472	8533
1910	8534
3057	8535
496	8536
1515	8537
1448	8538
995	8539
186	8540
4014	8541
1542	8542
258	8543
17	8544
121	8545
457	8546
2242	8547
1278	8548
3120	8549
2170	8550
1414	8551
1103	8552
43	8553
3678	8554
457	8555
68	8556
612	8557
1496	8558
162	8559
188	8560
1199	8561
1214	8562
534	8563
134	8564
267	8565
67	8566
17	8567
1726	8568
341	8569
4090	8570
2823	8571
2183	8572
111	8573
744	8574
4255	8575
87	8576
50	8577
155	8578
2284	8579
3621	8580
1870	8581
188	8582
1301	8583
1257	8584
266	8585
489	8586
30	8587
2674	8588
1906	8589
654	8590
235	8591
221	8592
158	8593
1005	8594
1256	8595
483	8596
43	8597
221	8598
1534	8599
116	8600
124	8601
8	8602
820	8603
64	8604
2873	8605
1350	8606
33	8607
3032	8608
801	8609
140	8610
769	8611
42	8612
1437	8613
974	8614
1490	8615
181	8616
2006	8617
3569	8618
1318	8619
146	8620
3715	8621
4043	8622
3531	8623
146	8624
41	8625
446	8626
4087	8627
26	8628
2078	8629
743	8630
399	8631
1860	8632
1255	8633
682	8634
197	8635
873	8636
1887	8637
127	8638
19	8639
65	8640
55	8641
119	8642
141	8643
1523	8644
2591	8645
524	8646
4245	8647
114	8648
3191	8649
296	8650
156	8651
2943	8652
3408	8653
247	8654
1646	8655
270	8656
1879	8657
1113	8658
42	8659
2097	8660
22	8661
270	8662
1368	8663
400	8664
1610	8665
191	8666
50	8667
20	8668
135	8669
3535	8670
2659	8671
325	8672
2252	8673
1839	8674
747	8675
209	8676
3268	8677
2548	8678
3594	8679
408	8680
802	8681
6	8682
1	8683
1641	8684
1115	8685
18	8686
3092	8687
18	8688
1052	8689
2128	8690
458	8691
1565	8692
2667	8693
3108	8694
305	8695
3000	8696
202	8697
717	8698
1837	8699
575	8700
3104	8701
1546	8702
984	8703
375	8704
375	8705
375	8706
1253	8707
851	8708
2954	8709
833	8710
238	8711
938	8712
2074	8713
208	8714
54	8715
4012	8716
33	8717
2074	8718
1582	8719
1551	8720
3217	8721
2147	8722
78	8723
1826	8724
4067	8725
3240	8726
2476	8727
1873	8728
43	8729
1010	8730
2963	8731
1772	8732
35	8733
501	8734
658	8735
1746	8736
2	8737
13	8738
13	8739
60	8740
17	8741
13	8742
13	8743
166	8744
2094	8745
763	8746
2	8747
2759	8748
51	8749
1804	8750
2565	8751
845	8752
3209	8753
282	8754
3762	8755
3846	8756
340	8757
18	8758
816	8759
185	8760
22	8761
37	8762
202	8763
360	8764
1770	8765
1311	8766
575	8767
98	8768
738	8769
1422	8770
1062	8771
3175	8772
182	8773
767	8774
3221	8775
1735	8776
3828	8777
4031	8778
2658	8779
465	8780
1394	8781
2465	8782
934	8783
1095	8784
2033	8785
786	8786
1097	8787
575	8788
33	8789
193	8790
4192	8791
541	8792
2203	8793
916	8794
1973	8795
739	8796
196	8797
757	8798
822	8799
233	8800
95	8801
3278	8802
139	8803
1753	8804
3479	8805
2018	8806
3776	8807
3850	8808
1214	8809
2534	8810
1638	8811
1564	8812
107	8813
171	8814
369	8815
2842	8816
1945	8817
1687	8818
1607	8819
3522	8820
3935	8821
1808	8822
2210	8823
2297	8824
520	8825
3486	8826
2517	8827
163	8828
1017	8829
4	8830
3412	8831
143	8832
77	8833
741	8834
122	8835
40	8836
2182	8837
88	8838
1469	8839
274	8840
118	8841
133	8842
444	8843
444	8844
3565	8845
2955	8846
528	8847
1381	8848
1001	8849
393	8850
2384	8851
267	8852
408	8853
450	8854
1588	8855
167	8856
7	8857
381	8858
245	8859
167	8860
245	8861
245	8862
167	8863
47	8864
121	8865
1450	8866
306	8867
3476	8868
2723	8869
817	8870
4125	8871
27	8872
7	8873
7	8874
360	8875
599	8876
3534	8877
1756	8878
1911	8879
133	8880
3811	8881
2090	8882
2370	8883
879	8884
10	8885
1777	8886
349	8887
76	8888
233	8889
337	8890
3418	8891
206	8892
220	8893
674	8894
4249	8895
2226	8896
47	8897
653	8898
697	8899
74	8900
3991	8901
960	8902
792	8903
1886	8904
1569	8905
3750	8906
120	8907
2309	8908
1125	8909
1635	8910
1062	8911
3649	8912
1911	8913
367	8914
233	8915
3893	8916
3360	8917
78	8918
9	8919
21	8920
1049	8921
328	8922
148	8923
469	8924
606	8925
3369	8926
1231	8927
625	8928
625	8929
3359	8930
160	8931
307	8932
2547	8933
28	8934
998	8935
2461	8936
195	8937
622	8938
147	8939
3328	8940
130	8941
1	8942
103	8943
395	8944
6	8945
1749	8946
599	8947
188	8948
273	8949
2067	8950
516	8951
2524	8952
1111	8953
419	8954
485	8955
470	8956
1499	8957
308	8958
3492	8959
142	8960
1500	8961
244	8962
3172	8963
1077	8964
811	8965
2065	8966
2045	8967
1856	8968
591	8969
637	8970
1001	8971
3406	8972
2752	8973
820	8974
531	8975
480	8976
3009	8977
256	8978
784	8979
63	8980
720	8981
1680	8982
3868	8983
2298	8984
2032	8985
1590	8986
3	8987
114	8988
114	8989
114	8990
2005	8991
252	8992
979	8993
28	8994
1180	8995
1701	8996
4	8997
644	8998
1673	8999
57	9000
1180	9001
214	9002
1101	9003
1799	9004
3244	9005
1885	9006
2478	9007
2253	9008
662	9009
164	9010
4198	9011
1010	9012
52	9013
1094	9014
835	9015
453	9016
453	9017
1468	9018
313	9019
183	9020
349	9021
789	9022
6	9023
3960	9024
1542	9025
3008	9026
740	9027
740	9028
651	9029
1367	9030
122	9031
3625	9032
36	9033
36	9034
112	9035
1865	9036
1611	9037
669	9038
190	9039
93	9040
3753	9041
34	9042
2289	9043
19	9044
607	9045
4256	9046
713	9047
3425	9048
897	9049
785	9050
2987	9051
604	9052
68	9053
3222	9054
532	9055
1110	9056
424	9057
1522	9058
731	9059
2340	9060
2002	9061
237	9062
5	9063
1591	9064
365	9065
642	9066
330	9067
715	9068
664	9069
2030	9070
1767	9071
48	9072
1892	9073
78	9074
2935	9075
388	9076
1558	9077
1557	9078
1039	9079
194	9080
1595	9081
62	9082
1552	9083
569	9084
3403	9085
568	9086
190	9087
576	9088
462	9089
3496	9090
1523	9091
129	9092
698	9093
770	9094
1144	9095
2864	9096
1868	9097
1745	9098
63	9099
177	9100
23	9101
63	9102
23	9103
23	9104
10	9105
404	9106
705	9107
56	9108
1760	9109
1028	9110
977	9111
2000	9112
476	9113
247	9114
125	9115
2851	9116
2589	9117
1538	9118
1331	9119
1769	9120
164	9121
1864	9122
1064	9123
214	9124
387	9125
3087	9126
301	9127
2715	9128
3780	9129
2161	9130
404	9131
2539	9132
9	9133
2913	9134
1554	9135
3718	9136
1054	9137
1976	9138
949	9139
760	9140
561	9141
25	9142
161	9143
302	9144
2479	9145
2173	9146
694	9147
580	9148
1625	9149
2454	9150
615	9151
1585	9152
150	9153
222	9154
1	9155
1272	9156
236	9157
114	9158
24	9159
138	9160
4052	9161
3737	9162
321	9163
2038	9164
156	9165
1	9166
3138	9167
142	9168
1337	9169
402	9170
1496	9171
2054	9172
2673	9173
1594	9174
1657	9175
3420	9176
162	9177
1228	9178
364	9179
163	9180
582	9181
899	9182
607	9183
571	9184
614	9185
957	9186
1690	9187
829	9188
3280	9189
278	9190
135	9191
831	9192
115	9193
39	9194
3249	9195
485	9196
1322	9197
4007	9198
3963	9199
14	9200
14	9201
3648	9202
2960	9203
48	9204
1549	9205
48	9206
48	9207
4064	9208
1151	9209
1828	9210
1240	9211
1227	9212
2748	9213
135	9214
135	9215
4164	9216
369	9217
338	9218
1840	9219
1129	9220
2009	9221
490	9222
412	9223
3624	9224
999	9225
251	9226
2195	9227
3925	9228
2989	9229
1296	9230
1	9231
1599	9232
894	9233
481	9234
2072	9235
459	9236
1610	9237
1	9238
639	9239
2530	9240
2143	9241
806	9242
22	9243
4200	9244
3423	9245
1184	9246
682	9247
3256	9248
3315	9249
257	9250
181	9251
598	9252
20	9253
901	9254
3121	9255
1966	9256
3171	9257
1619	9258
2498	9259
981	9260
5	9261
5	9262
5	9263
4151	9264
1679	9265
3099	9266
706	9267
1794	9268
175	9269
175	9270
175	9271
175	9272
175	9273
3655	9274
963	9275
2643	9276
855	9277
2413	9278
1	9279
823	9280
20	9281
1193	9282
170	9283
193	9284
1771	9285
3041	9286
708	9287
3546	9288
540	9289
335	9290
136	9291
65	9292
2097	9293
2754	9294
416	9295
568	9296
860	9297
38	9298
1332	9299
958	9300
1292	9301
45	9302
2872	9303
1912	9304
40	9305
1295	9306
1797	9307
632	9308
508	9309
40	9310
571	9311
113	9312
791	9313
103	9314
20	9315
532	9316
4060	9317
35	9318
4259	9319
3903	9320
1434	9321
73	9322
4	9323
3871	9324
1293	9325
1897	9326
1308	9327
53	9328
1071	9329
3973	9330
2932	9331
2879	9332
2178	9333
558	9334
498	9335
577	9336
2315	9337
142	9338
1167	9339
1754	9340
2288	9341
3478	9342
3706	9343
3477	9344
2841	9345
252	9346
3100	9347
1294	9348
1798	9349
192	9350
3661	9351
3321	9352
922	9353
443	9354
2133	9355
2724	9356
302	9357
2486	9358
2577	9359
751	9360
3445	9361
2	9362
210	9363
916	9364
197	9365
1248	9366
1002	9367
109	9368
43	9369
2390	9370
1188	9371
141	9372
462	9373
385	9374
2946	9375
1233	9376
449	9377
605	9378
24	9379
805	9380
559	9381
2198	9382
1897	9383
1014	9384
1168	9385
109	9386
295	9387
1436	9388
729	9389
765	9390
2540	9391
639	9392
1805	9393
1738	9394
1107	9395
1929	9396
2680	9397
2145	9398
3842	9399
3528	9400
442	9401
3834	9402
1299	9403
1604	9404
288	9405
1271	9406
1192	9407
907	9408
4225	9409
157	9410
1389	9411
1075	9412
3567	9413
1654	9414
661	9415
591	9416
1428	9417
4275	9418
131	9419
663	9420
2822	9421
64	9422
2336	9423
2921	9424
882	9425
105	9426
1961	9427
129	9428
330	9429
1198	9430
1608	9431
1547	9432
1377	9433
700	9434
226	9435
1167	9436
2263	9437
758	9438
2042	9439
1957	9440
1256	9441
635	9442
3023	9443
64	9444
2611	9445
1009	9446
1048	9447
4018	9448
211	9449
338	9450
1490	9451
265	9452
1818	9453
2275	9454
2280	9455
333	9456
153	9457
1589	9458
3376	9459
1633	9460
526	9461
2825	9462
173	9463
3579	9464
1216	9465
602	9466
2180	9467
144	9468
4185	9469
2451	9470
104	9471
251	9472
2021	9473
161	9474
2590	9475
2305	9476
42	9477
1117	9478
62	9479
448	9480
985	9481
3582	9482
283	9483
1379	9484
61	9485
978	9486
978	9487
2269	9488
3509	9489
255	9490
255	9491
250	9492
1105	9493
1	9494
1	9495
4	9496
800	9497
361	9498
1600	9499
609	9500
17	9501
2135	9502
1150	9503
2730	9504
2920	9505
251	9506
533	9507
96	9508
139	9509
1918	9510
295	9511
1651	9512
2218	9513
90	9514
1173	9515
1291	9516
2146	9517
789	9518
2267	9519
467	9520
5	9521
1916	9522
2119	9523
260	9524
721	9525
1704	9526
439	9527
280	9528
1924	9529
2437	9530
1058	9531
688	9532
2385	9533
3336	9534
3096	9535
878	9536
832	9537
1711	9538
984	9539
866	9540
545	9541
598	9542
1531	9543
1179	9544
1109	9545
1624	9546
751	9547
114	9548
2805	9549
84	9550
2575	9551
120	9552
543	9553
542	9554
560	9555
156	9556
1163	9557
211	9558
149	9559
673	9560
93	9561
3514	9562
3561	9563
239	9564
53	9565
451	9566
1579	9567
219	9568
312	9569
2585	9570
1459	9571
1428	9572
44	9573
478	9574
1442	9575
19	9576
1186	9577
416	9578
2342	9579
1182	9580
733	9581
634	9582
235	9583
2196	9584
1079	9585
149	9586
83	9587
16	9588
35	9589
182	9590
482	9591
1780	9592
339	9593
90	9594
174	9595
1684	9596
499	9597
168	9598
4147	9599
73	9600
52	9601
8	9602
1180	9603
587	9604
94	9605
8	9606
556	9607
2338	9608
1629	9609
126	9610
679	9611
24	9612
1565	9613
205	9614
1779	9615
249	9616
683	9617
3659	9618
1277	9619
3552	9620
671	9621
1152	9622
279	9623
271	9624
254	9625
79	9626
1638	9627
3990	9628
96	9629
37	9630
682	9631
255	9632
35	9633
3456	9634
910	9635
3339	9636
4054	9637
32	9638
194	9639
503	9640
6	9641
118	9642
754	9643
884	9644
721	9645
837	9646
279	9647
432	9648
1	9649
24	9650
1217	9651
2202	9652
21	9653
937	9654
1364	9655
162	9656
81	9657
3046	9658
3170	9659
3402	9660
81	9661
866	9662
113	9663
81	9664
2070	9665
3098	9666
24	9667
78	9668
1821	9669
448	9670
926	9671
1575	9672
856	9673
1404	9674
46	9675
1	9676
37	9677
729	9678
1796	9679
398	9680
572	9681
382	9682
639	9683
120	9684
2782	9685
829	9686
381	9687
773	9688
263	9689
1094	9690
831	9691
1329	9692
3858	9693
2557	9694
1631	9695
145	9696
343	9697
359	9698
64	9699
343	9700
762	9701
2430	9702
821	9703
262	9704
393	9705
144	9706
885	9707
97	9708
44	9709
1148	9710
709	9711
2	9712
2066	9713
2216	9714
1998	9715
348	9716
436	9717
1216	9718
325	9719
2260	9720
2847	9721
9	9722
1934	9723
3229	9724
897	9725
169	9726
3323	9727
417	9728
535	9729
871	9730
1657	9731
3330	9732
796	9733
897	9734
2460	9735
632	9736
338	9737
2	9738
509	9739
1046	9740
71	9741
1778	9742
1481	9743
652	9744
1	9745
3786	9746
2141	9747
1685	9748
3299	9749
71	9750
194	9751
379	9752
103	9753
171	9754
554	9755
904	9756
2136	9757
4251	9758
286	9759
3785	9760
386	9761
3164	9762
3291	9763
623	9764
1029	9765
1878	9766
138	9767
1438	9768
1045	9769
2187	9770
264	9771
1820	9772
2952	9773
39	9774
63	9775
918	9776
4063	9777
4282	9778
1790	9779
19	9780
535	9781
1790	9782
262	9783
1022	9784
27	9785
1861	9786
1861	9787
1488	9788
1508	9789
1818	9790
1044	9791
3396	9792
242	9793
119	9794
2193	9795
655	9796
1950	9797
284	9798
774	9799
108	9800
134	9801
136	9802
3215	9803
3857	9804
2347	9805
1069	9806
3419	9807
87	9808
3643	9809
3	9810
487	9811
745	9812
15	9813
2389	9814
555	9815
1209	9816
579	9817
728	9818
1326	9819
352	9820
972	9821
652	9822
693	9823
156	9824
805	9825
3263	9826
389	9827
1529	9828
129	9829
1023	9830
1548	9831
129	9832
1305	9833
863	9834
75	9835
246	9836
274	9837
50	9838
48	9839
478	9840
471	9841
355	9842
570	9843
1785	9844
4166	9845
120	9846
539	9847
128	9848
42	9849
12	9850
95	9851
310	9852
3873	9853
4029	9854
1633	9855
59	9856
3877	9857
1132	9858
2312	9859
212	9860
60	9861
60	9862
61	9863
865	9864
186	9865
401	9866
4061	9867
354	9868
167	9869
3882	9870
895	9871
759	9872
13	9873
2377	9874
3206	9875
2080	9876
1556	9877
6	9878
391	9879
32	9880
2484	9881
3647	9882
890	9883
2863	9884
504	9885
2271	9886
3666	9887
301	9888
4008	9889
867	9890
867	9891
5	9892
37	9893
1875	9894
1329	9895
1913	9896
1530	9897
1701	9898
356	9899
1503	9900
217	9901
967	9902
1128	9903
2318	9904
2767	9905
1907	9906
428	9907
2596	9908
1813	9909
147	9910
147	9911
147	9912
367	9913
553	9914
67	9915
759	9916
3716	9917
158	9918
410	9919
614	9920
426	9921
3800	9922
2213	9923
3270	9924
3447	9925
2150	9926
133	9927
3821	9928
64	9929
218	9930
2139	9931
3898	9932
80	9933
2020	9934
768	9935
1347	9936
1068	9937
1810	9938
2210	9939
1688	9940
1310	9941
3052	9942
2049	9943
3033	9944
3928	9945
411	9946
195	9947
588	9948
546	9949
1016	9950
738	9951
489	9952
199	9953
3736	9954
262	9955
167	9956
1	9957
350	9958
90	9959
904	9960
844	9961
72	9962
435	9963
1481	9964
178	9965
3553	9966
61	9967
61	9968
61	9969
14	9970
3076	9971
3791	9972
1366	9973
2743	9974
29	9975
13	9976
17	9977
13	9978
60	9979
61	9980
61	9981
411	9982
2008	9983
2246	9984
1454	9985
1427	9986
316	9987
1330	9988
3045	9989
2632	9990
11	9991
3	9992
1816	9993
1720	9994
833	9995
3829	9996
29	9997
450	9998
112	9999
2832	10000
